734270	24.17
734271	23.76
734272	23.34
734275	23.66
734276	23.58
734277	23.69
734278	22.63
734279	22.78
734282	22.39
734283	22.32
734284	21.86
734285	22.22
734286	22.14
734290	22.14
734291	22.25
734292	22.19
734293	21.3
734296	21.17
734297	20.9
734298	20.62
734299	20.9
734300	20.84
734303	20.95
734304	21.34
734305	21.28
734306	21.65
734307	20.83
734310	20.37
734311	20.3
734312	20.27
734313	19.9
734314	19.86
734317	19.91
734318	19.6
734319	19.66
734320	19.8
734321	19.6
734325	19.26
734326	19.77
734327	19.73
734328	20.05
734331	19.85
734333	20.15
734334	20.21
734335	19.83
734338	19.95
734339	20.48
734340	20.22
734341	19.68
734342	19.56
734345	20.07
734346	20.25
734347	20.1
734348	20.45
734349	20.54
734352	21.05
734353	20.96
734354	20.85
734355	21.3
734356	21.31
734359	21.73
734360	21.66
734361	21.25
734362	21.19
734363	21.18
734366	21.05
734367	21.44
734368	20.47
734369	20.03
734370	20.01
734373	19.88
734374	19.65
734375	19.8
734376	19.59
734377	19.45
734380	19.05
734381	18.79
734382	19.09
734383	19.39
734384	19.63
734388	19.4
734389	19.47
734390	19.7
734391	19.92
734394	20.16
734395	20.21
734396	20.43
734397	20.32
734398	20.35
734401	20.97
734402	20.79
734403	20.82
734404	20.92
734405	21.19
734408	20.98
734409	20.86
734410	21.05
734411	21.16
734412	21.21
734416	21.3
734417	21.32
734418	21.24
734419	21.19
734422	20.95
734423	20.69
734424	21.32
734425	21.66
734426	21.76
734429	22.44
734431	21.81
734432	21.76
734433	22.29
734436	22.5
734437	22.68
734438	22.64
734439	22.71
734443	22.75
734444	23.02
734445	23.24
734446	23.92
734447	23.74
734450	23.34
734451	22.88
734452	23.15
734453	22.85
734454	23.05
734457	23.19
734458	22.79
734459	22.76
734460	22.83
734461	22.76
734464	22.87
734465	22.65
734466	22.71
734468	22.62
734471	22.57
734472	22.99
734474	22.29
734475	21.8
734478	21.46
734479	21.07
734480	21.55
734481	21.53
734482	21.45
734485	21.45
734486	20.93
734487	21.11
734488	21.48
734489	21.56
734492	21.73
734493	22.05
734494	22.24
734495	22.32
734499	22.19
734500	22.24
734501	22.33
734506	22.49
734507	21.64
734508	21.46
734509	21.23
734510	21.13
734513	21.16
734514	20.89
734515	21.17
734516	21.14
734517	21.04
734522	20.75
734524	21.02
734528	20.98
734529	20.74
734530	20.65
734534	20.69
734535	20.91
734536	20.5
734537	21.03
734538	21.02
734541	21.04
734542	21.19
734543	21.56
734544	21.6
734545	21.61
734548	21.68
734549	21.78
734550	22.19
734551	22.45
734552	22.39
734556	22.28
734558	21.62
734559	21.54
734562	21.82
734563	21.47
734564	21.54
734565	21.67
734566	21.83
734569	21.6
734570	21.55
734571	22.01
734572	22.41
734573	22.86
734576	22.72
734577	22.68
734578	22.27
734579	22.15
734583	22.69
734584	22.34
734585	22.36
734586	22.83
734587	22.69
734590	22.34
734591	23.17
734592	23.56
734593	23.54
734594	23.49
734597	23.43
734598	23.94
734599	23.83
734600	24.11
734601	23.87
734604	23.82
734605	24
734606	24.05
734607	24.86
734608	24.84
734611	24.98
734612	24.79
734613	24.87
734614	24.64
734618	24.89
734619	24.98
734621	24.61
734622	24.31
734625	24.2
734626	24.08
734627	23.99
734628	24.27
734629	24.25
734632	24.44
734633	24.71
734634	24.49
734635	24.92
734636	25
734639	24.98
734640	25.2
734641	25.28
734642	25.42
734643	25.2
734646	24.91
734647	24.47
734648	24.23
734649	24.38
734650	24.52
734654	24.7
734655	23.16
734656	22.68
734657	22.28
734660	22.28
734661	22.09
734662	22.32
734663	22.41
734664	22.09
734667	22.19
734668	22.21
734669	21.95
734670	22.72
734671	22.74
734674	22.8
734675	22.99
734676	22.82
734677	22.96
734678	22.55
734681	22.51
734682	22.61
734683	23.21
734684	23.37
734685	23.62
734689	23.14
734690	23
734691	23.67
734695	23.23
734696	23.59
734697	23.66
734698	23.79
734699	23.75
734703	24.17
734704	23.63
734705	21.47
734706	20.93
734709	20.5
734710	20.45
734711	20.33
734712	20.17
734713	20.17
734716	19.94
734717	19.2
734718	19.62
734719	19.19
734720	18.92
734723	17.92
734724	17.79
734725	17.61
734726	18.15
734731	18.27
734732	18.43
734733	17.49
734734	17.09
734737	17.02
734738	17.21
734739	17.12
734740	16.81
734741	17.08
734744	17.92
734745	18.07
734746	18.33
734747	17.91
734748	17.65
734752	17.8
734753	18.41
734754	18.69
734755	17.91
734758	17.83
734759	17.78
734760	17.99
734761	18.33
734762	17.7
734765	17.67
734766	17.12
734767	16.55
734768	16.18
734769	16.06
734772	16.93
734773	16.9
734774	16.68
734775	16.99
734776	16.63
734779	16.32
734780	17.26
734781	17.26
734782	17.42
734783	17.43
734786	17.57
734787	17.46
734788	17.97
734789	17.93
734793	17.65
734794	17.96
734795	18.14
734796	18.18
734797	18.85
734800	19.16
734801	18.98
734802	19.2
734803	19.62
734804	19.75
734807	19.37
734808	19
734809	19.23
734810	19.16
734811	19.32
734814	19.68
734815	19.96
734816	19.37
734817	19.67
734818	20.07
734821	19.94
734822	19.81
734823	19.68
734824	18.98
734825	19.12
734828	19.16
734829	18.54
734830	18.37
734832	18.83
734835	19.39
734836	19.09
734837	20
734838	20.07
734839	20.21
734842	20.73
734843	20.71
734844	20.66
734845	20.59
734846	21.07
734849	21.01
734850	21.1
734851	20.64
734852	20.98
734853	20.57
734856	20.37
734857	20.53
734858	20.88
734859	20.93
734860	21.12
734864	21.19
734865	21.14
734866	21.18
734867	21.04
734870	21.04
734871	21.51
734872	21.05
734873	21.28
734874	21.23
734877	21.56
734878	21.4
734879	20.79
734880	20.53
734881	20.91
734886	21.55
734887	21.83
734888	21.85
734891	22.31
734892	22.7
734893	22.75
734894	22.88
734895	22.39
734898	22.43
734899	21.98
734900	21.86
734901	21.75
734902	21.74
734905	21.7
734906	21.33
734907	21.91
734908	21.94
734909	21.74
734912	21.87
734913	22.15
734914	22.53
734915	22.82
734916	22.95
734920	22.51
734921	22.67
734922	20.95
734923	20.93
734926	21.35
734927	21.38
734928	21.45
734929	21.65
734930	21.67
734933	22.09
734934	20.89
734935	21.03
734936	21.51
734937	21.76
734940	21.76
734941	21.93
734942	21.85
734944	22.17
734947	21.66
734948	21.31
734949	21.04
734950	20.86
734951	21.13
734954	20.42
734955	20.41
734956	20.17
734957	20.48
734958	20.21
734961	20.29
734962	19.88
734963	20.12
734964	19.72
734968	19.64
734969	19.9
734970	20.19
734971	20.67
734972	21.19
734975	21.63
734976	21.92
734977	21.92
734978	21.99
734979	22.09
734982	21.66
734983	21.63
734984	21.6
734985	20.93
734986	20.78
734989	20.33
734990	20.21
734991	20
734992	19.88
734993	19.69
734996	19.53
734997	19.28
734998	19.09
734999	19.16
735000	18.97
735003	18.91
735004	18.78
735005	18.76
735006	18.4
735007	18.39
735010	18.89
735011	19.03
735012	18.84
735014	19.22
735018	19.44
735019	19.17
735020	19.27
735021	18.49
735024	18.42
735025	18.81
735026	18.99
735027	18.26
735028	18.22
735031	18.02
735032	18.16
735033	17.65
735034	18.2
735035	17.97
735038	17.64
735039	17.74
735040	17.83
735041	17.5
735042	17.34
735045	17.17
735046	17.31
735047	17.58
735048	17.87
735049	18.15
735052	17.85
735053	17.97
735055	17.74
735056	17.71
735059	17.4
735060	17.56
735061	17.98
735062	15.73
735063	16.02
735066	15.91
735067	16.19
735068	16.49
735069	15.8
735070	15.59
735073	15.26
735074	15.26
735075	15
735076	15.09
735080	15.43
735081	15.55
735082	15.58
735083	15.1
735084	15.45
735087	15.83
735088	15.7
735089	16.06
735090	16.3
735091	15.99
735094	16.12
735095	16.13
735096	16.02
735097	16.06
735098	15.83
735101	16.04
735102	15.95
735103	15.97
735104	15.31
735105	15.48
735108	15.43
735109	15.55
735110	15.58
735111	15.65
735112	15.65
735116	15.82
735117	16.5
735118	16.49
735119	16.32
735122	16.36
735123	16.4
735124	16.45
735125	16.5
735126	16.86
735129	16.66
735130	16.37
735131	16.46
735132	16.4
735133	16.07
735136	15.94
735137	16.36
735138	15.99
735139	16.13
735140	16.09
735143	16.1
735144	16.07
735145	16.02
735146	16.35
735147	16.16
735150	16.35
735151	16.28
735152	16.29
735153	15.71
735154	15.57
735157	15.67
735158	15.92
735159	16.33
735160	16.52
735161	16.35
735164	16.54
735165	16.29
735166	16.12
735167	16.57
735168	16.38
735171	16.38
735173	16.31
735174	16.56
735175	16.83
735178	16.71
735179	17
735180	16.3
735181	16.41
735182	16.6
735185	16.66
735186	16.28
735187	16.06
735188	16.3
735189	16.6
735192	16.76
735193	16.1
735194	16.47
735196	16.96
735199	16.41
735200	16.54
735201	16.96
735202	17.05
735203	17.11
735206	16.91
735207	17.01
735208	17.46
735209	17.88
735210	17.94
735213	17.98
735214	17.66
735215	17.85
735216	17.73
735217	17.65
735220	17.81
735221	18.24
735222	18.14
735223	18.16
735224	17.93
735227	18.02
735229	17.92
735230	17.72
735231	17.7
735234	18.09
735236	18.35
735237	18.34
735238	18.3
735241	17.64
735242	17.22
735243	17.4
735244	17.56
735245	17.41
735248	17.42
735249	17.62
735250	17.77
735251	18.06
735252	18.64
735256	18.84
735257	19.85
735258	19.32
735259	19.43
735262	19.56
735263	19.3
735264	19.15
735265	19.16
735266	19.25
735269	19.23
735270	19.32
735271	19.39
735272	19.63
735273	20.34
735276	20.2
735277	20.27
735278	20.42
735279	20.74
735280	20.87
735284	20.46
735285	20.13
735286	22.97
735287	22.69
735290	22.76
735291	23.66
735292	23.77
735293	23.86
735294	24.1
735297	23.9
735298	24.3
735299	23.94
735300	23.92
735301	23.6
735304	23.31
735305	23.87
735306	24
735307	24.38
735308	24.91
735311	24.84
735312	24.89
735313	25.27
735314	25.33
735315	25.75
735318	25.93
735319	26
735320	26.43
735321	26.19
735325	25.7
735326	25.59
735327	25.18
735328	25.26
735329	24.92
735332	25.22
735333	25.62
735334	25.92
735335	26.68
735336	26.85
735339	26.35
735340	26.63
735341	26.3
735342	26.51
735343	26.55
735346	27.36
735347	27.7
735348	28.02
735349	24.32
735350	23.31
735353	23.51
735354	22.42
735355	22.7
735356	23.39
735357	23.95
735360	23.74
735361	24.05
735362	24.24
735363	24.16
735364	24.46
735367	24.65
735368	25.45
735369	25.47
735370	25.01
735371	25.15
735374	24.36
735375	24.31
735376	23.39
735377	23.39
735378	23.18
735382	23.39
735383	23.56
735384	23.29
735385	23.01
735388	23.2
735389	22.97
735390	22.47
735391	22.53
735392	22.71
735395	23.03
735396	23.31
735397	23.11
735398	24.82
735399	24.36
735402	24.32
735403	23.94
735404	23.56
735405	22.92
735406	22.82
735409	22.74
735410	23.09
735411	23.56
735412	23.85
735413	23.66
735416	23.3
735417	23.68
735418	23.58
735420	24.24
735423	24.43
735424	24.98
735425	24.98
735426	24.9
735427	24.55
735430	24.95
735431	24.82
735432	24.65
735433	26.32
735434	26.32
735437	26.15
735438	25.57
735439	25.51
735440	25.61
735441	25.98
735444	26.05
735445	25.81
735446	25.79
735447	25.64
735448	25.35
735451	25.1
735452	24.99
735453	24.66
735454	24.95
735455	25.05
735458	25.06
735459	25.73
735460	25.74
735461	26.31
735462	26.66
735465	26.75
735466	26.56
735467	26.26
735468	26.73
735469	26.69
735472	26.22
735473	25.98
735474	25.8
735475	26.03
735476	25.9
735480	25.85
735481	25.85
735482	25.93
735483	25.96
735486	26.25
735487	26.6
735488	26.6
735489	26.59
735490	28.2
735493	28.24
735494	30.99
735495	31.35
735496	31.26
735497	31.4
735500	31.62
735501	32.08
735502	31.92
735503	32.54
735504	32.25
735507	31.99
735508	31.97
735509	32.11
735510	31.73
735511	31.63
735514	31.48
735515	30.81
735516	30.8
735517	31.57
735518	33.75
735521	33.38
735522	32.74
735523	33.08
735524	33.38
735525	33.36
735528	32.93
735529	32.9
735530	35.58
735531	36.06
735532	36.54
735535	35.85
735536	35.47
735537	35.24
735538	34.9
735539	35.16
735542	35.11
735543	35.37
735544	34.25
735545	34.03
735546	33.02
735549	32.89
735550	33.71
735551	33.91
735552	34.46
735553	34.52
735556	33.04
735557	33.25
735558	33.16
735559	33.9
735560	34.29
735563	34.29
735564	34.53
735565	35.06
735567	34.97
735570	34.59
735571	34.97
735572	34.21
735573	32.64
735574	33.07
735577	32.74
735578	33.24
735579	33.45
735580	33.69
735581	33.52
735584	32.72
735585	32.47
735586	32.88
735587	32.82
735588	33.08
735591	32.58
735592	32.67
735594	32.69
735595	32.5
735598	32.71
735599	32.57
735601	32.46
735602	32.31
735605	31.67
735606	31.98
735607	32.32
735608	32.08
735609	32.15
735612	31.67
735613	32.08
735614	31.7
735615	31.71
735616	31.82
735620	32
735621	31.68
735622	31.28
735623	30.98
735626	31.16
735627	31.62
735628	31.29
735629	30.89
735630	31.24
735633	30.06
735634	30.28
735635	30.46
735636	30.9
735637	31.16
735640	32.04
735641	32.97
735642	32.72
735643	33.06
735644	33.65
735648	34.1
735649	34.61
735650	35.32
