734262	22.77
734263	23.22
734264	22.42
734265	21.94
734268	23.97
734269	23.9
734270	24.7
734271	23.48
734272	22.54
734275	22.31
734276	21.37
734277	21.35
734278	20.35
734279	21.05
734282	21.15
734283	21.51
734284	21.02
734285	22.05
734286	22.21
734290	21.88
734292	22.49
734293	21.03
734296	20.58
734297	20.58
734298	20.52
734299	21.33
734300	21.24
734303	21.73
734304	22.2
734305	21.8
734306	21.67
734307	21.46
734310	20.74
734311	20.06
734312	20.09
734313	18.85
734314	19.02
734317	18.82
734318	17.77
734319	17.9
734320	18.33
734321	17.85
734325	17.41
734326	17.91
734327	18.44
734328	18.53
734331	17.98
734332	18.47
734333	18.38
734334	18.3
734335	17.16
734338	17.53
734339	18.42
734340	18.2
734341	19.24
734342	19.38
734345	20.14
734346	19.58
734347	19.05
734348	18.64
734349	18.65
734352	19.46
734353	18.84
734354	19.44
734355	19.78
734356	19.44
734359	19.76
734360	19.38
734361	20.52
734362	20.25
734366	20.14
734367	20.51
734368	21.05
734369	20.72
734370	20.97
734373	20.2
734374	19.59
734375	19.79
734376	19.21
734377	19.6
734380	19.19
734382	20.19
734383	20.71
734384	20.87
734388	20.48
734389	20.42
734390	20.63
734391	20.8
734394	21.05
734395	21.65
734396	21.5
734397	21.69
734398	21.74
734401	22.13
734402	21.99
734403	22
734404	22.28
734405	22.75
734408	22.73
734411	23.08
734412	23.15
734415	22.76
734417	23.7
734418	23.85
734419	24.36
734423	24.96
734424	24.34
734425	24.04
734426	24.18
734429	24
734431	22.43
734432	22.25
734433	22.18
734436	22.47
734437	22.96
734438	23.04
734439	23.29
734440	23.67
734443	23.97
734444	24.02
734445	23.97
734446	25.56
734447	25.57
734450	25.57
734451	25.22
734452	24.86
734453	24.92
734454	25.06
734457	24.7
734458	24.15
734459	24.65
734460	24.73
734461	25.08
734464	25.64
734466	25.89
734468	26
734471	25.42
734472	25.68
734473	25.8
734474	25.54
734475	25.06
734479	25.58
734480	25.49
734481	25.44
734482	25.49
734485	25.49
734486	25.18
734487	25.27
734488	25.73
734489	25.89
734492	25.6
734493	25.98
734494	25.49
734499	25.16
734500	25
734501	25.04
734506	25.44
734507	25.09
734508	24.97
734509	23.97
734510	23.31
734513	23.48
734514	23.24
734515	23.22
734516	22.99
734517	23.08
734522	22.92
734523	22.92
734524	23.14
734529	23.56
734530	23.86
734531	22.99
734534	23.15
734535	22.74
734536	22.01
734537	22.24
734538	22.82
734541	23.51
734542	24.26
734544	24.22
734545	24.62
734548	23.87
734549	23.55
734550	23.94
734551	24.06
734552	23.75
734556	23.46
734558	23.17
734559	23.6
734562	23.9
734563	23.34
734564	23.58
734565	23.64
734566	23.36
734569	23.26
734570	23.37
734571	24.08
734572	23.6
734573	23.74
734576	23.47
734577	23.25
734578	23.19
734579	23.11
734583	23.41
734584	22.87
734585	22.95
734586	23.06
734587	23.43
734590	23.16
734591	23.64
734592	24.24
734593	24.26
734594	24.35
734597	23.93
734598	24.6
734599	25.19
734600	25.4
734601	24.83
734604	24.99
734605	24.71
734606	24.68
734607	24.44
734608	24.4
734611	23.92
734612	23.92
734613	24.51
734614	24.16
734618	23.99
734619	24.49
734621	24.21
734622	23.91
734625	24.18
734626	24.98
734627	25.4
734628	26.35
734629	26.08
734632	26.18
734633	26.33
734634	28.36
734635	28.62
734636	28.46
734639	28.06
734640	28.4
734641	29.2
734642	29.5
734643	28.63
734646	28.58
734647	28.29
734648	28.27
734649	28.65
734650	28.91
734654	28.88
734655	28.28
734656	28.02
734657	27.54
734660	27.54
734661	27.78
734662	27.82
734663	28.13
734664	27.23
734667	27.13
734668	27.89
734669	27.29
734670	26.88
734671	27.27
734674	27.65
734675	28.26
734676	28.1
734677	28.7
734678	28.02
734681	28.15
734682	28.73
734683	28.76
734684	29.24
734685	29.88
734689	29.6
734690	28.87
734691	30.46
734695	29.6
734696	29.66
734697	29.82
734699	29.98
734702	29.98
734703	30.14
734704	29.6
734705	29.94
734706	30.5
734709	29.94
734710	29.92
734711	29.19
734712	28.99
734713	28.87
734716	29.28
734717	27.63
734718	27.83
734719	26.13
734720	26.54
734723	24.13
734724	24.77
734725	24.52
734726	25.72
734731	25.19
734732	24.58
734733	23.07
734734	23.18
734737	23.42
734738	24.31
734739	25.19
734740	24.45
734741	24.9
734744	26.03
734745	26.25
734746	25.95
734747	26.49
734748	25.36
734752	24.84
734753	26.24
734754	25.79
734755	25.17
734758	25.69
734759	25.39
734760	26.18
734761	27.48
734762	27.74
734765	27.56
734766	27.34
734767	26.12
734768	24.99
734769	25.62
734772	27.32
734773	27.18
734774	27.54
734775	27.26
734776	26.32
734779	25.37
734780	26.17
734781	25.8
734782	26.17
734783	26.95
734786	27.7
734787	27.94
734788	28.42
734789	28.35
734793	28.85
734794	29.96
734795	29.42
734796	29.54
734797	29.84
734800	31.12
734801	30.56
734802	30.56
734803	31.92
734804	31.46
734807	30.53
734808	30.06
734809	30.42
734810	31.47
734811	31.36
734814	32.35
734815	32.16
734816	30.45
734817	30.77
734818	31.14
734821	30.55
734822	30.94
734823	30.72
734824	30.42
734825	30.36
734828	31.01
734829	30.48
734830	29.56
734832	29.45
734835	30.84
734836	31.03
734837	32.33
734838	32.16
734839	32.54
734842	33.14
734843	32.95
734844	32.75
734845	32.29
734846	32.79
734849	32.42
734850	30.71
734851	30.82
734852	31.47
734853	31.03
734856	30.57
734857	31.84
734858	32.04
734859	31.87
734860	32.2
734864	32.28
734865	32.67
734866	32.49
734867	32.18
734870	32.18
734871	32.68
734872	32.65
734873	33.92
734874	34.56
734877	34.46
734878	34.87
734879	34.84
734880	35.04
734881	34.42
734886	35.37
734887	35.82
734888	35.38
734891	35.09
734892	35.28
734893	33.92
734894	34.19
734895	33.27
734898	34.32
734899	33.69
734900	33.99
734901	35.23
734902	36.12
734905	35.72
734906	35.87
734907	35.86
734908	36.21
734909	35.68
734912	35.8
734913	35.56
734914	34.97
734915	35.3
734916	36.25
734920	36.69
734921	37.68
734922	36.99
734923	37.06
734926	37.37
734927	37.84
734928	37.97
734929	38.85
734930	38.31
734933	38.24
734934	37.28
734935	38.47
734936	39.3
734937	39.67
734940	39.67
734941	39.57
734942	39.91
734944	39.73
734947	39.62
734948	39.7
734949	40.47
734950	40.06
734951	39.84
734954	40.44
734955	40.42
734956	40.04
734957	39.93
734958	39.73
734961	40.24
734962	40.89
734963	40.9
734964	40.87
734968	39.98
734969	38.56
734970	39.39
734971	40.33
734972	39.98
734975	40.01
734976	40.18
734977	40.13
734978	39.65
734979	39.1
734982	38.76
734983	38.82
734984	39.94
734985	40.65
734986	41.18
734989	41.02
734990	41.44
734991	41.27
734992	41.55
734993	41.11
734996	40.29
734997	39.51
734998	38.05
734999	37.83
735000	37.98
735003	36.68
735004	37.01
735005	37.29
735006	35.43
735007	35.24
735010	36.28
735011	36.47
735012	37.05
735014	37.76
735018	38.99
735019	38.3
735020	38.3
735021	36.85
735024	36.42
735025	36.58
735026	37.38
735027	36.49
735028	37.21
735031	36.36
735032	36.92
735033	35.06
735034	35.82
735035	36.06
735038	36.61
735039	37.17
735040	36.99
735041	34.92
735042	33.78
735045	33.82
735046	34.2
735047	33.14
735048	33.45
735049	34.35
735052	33.89
735053	33.36
735055	34.27
735056	34.03
735059	34.2
735060	34.59
735061	33.15
735062	32.83
735063	33.64
735066	33.92
735067	34.19
735068	34.81
735069	35.49
735070	35.6
735073	35.03
735074	34.25
735075	34.54
735076	35.49
735080	36.66
735081	35.84
735082	35.06
735083	36.4
735084	37.26
735087	36.84
735088	37
735089	38.01
735090	38.12
735091	38
735094	37.87
735095	38.24
735096	38.54
735097	38.74
735098	38.95
735101	38.84
735102	39.43
735103	39.33
735104	38.92
735105	39.75
735108	39.63
735109	40.42
735110	40.47
735111	40.3
735112	40.31
735116	40.22
735117	39.87
735118	40.35
735119	40.46
735122	39.99
735123	39.27
735124	39.09
735125	39.28
735126	39.24
735129	38.55
735130	38.5
735131	39.04
735132	38.65
735133	38.39
735136	37.81
735137	37.75
735138	37.75
735139	37.51
735140	37.62
735143	38.58
735144	38.68
735145	39.49
735146	39.67
735147	39.61
735150	39.31
735151	39.59
735152	39
735153	39.23
735154	39.41
735157	39.91
735158	40.47
735159	40.84
735160	40.66
735161	39.99
735164	39.99
735165	39.35
735166	38.88
735167	38.68
735168	38.48
735171	38.48
735173	38.07
735174	40.52
735175	40.61
735178	41.16
735179	41.38
735180	40.45
735181	39.01
735182	38.93
735185	38.7
735186	39.08
735187	38.9
735188	39.34
735189	40.18
735192	40.93
735193	40.77
735194	41.01
735196	41.73
735199	39.86
735200	39.63
735201	40.36
735202	38.62
735203	38.7
735206	38.1
735207	38.27
735208	38.87
735209	38.92
735210	39.41
735213	39.35
735214	38.86
735215	38.86
735216	38.22
735217	38.07
735220	38.71
735221	39.11
735222	38.77
735223	37.91
735224	37.51
735227	37.52
735229	37.13
735230	37.08
735231	37.36
735234	39.02
735236	38.31
735237	37.47
735238	37.94
735241	37.65
735242	37.05
735243	36.69
735244	37.25
735245	36.89
735248	37.08
735249	37.91
735250	38.43
735251	38.07
735252	38.42
735256	38.18
735257	38.23
735258	39
735259	38.74
735262	39.39
735263	39.95
735264	39.54
735265	39.54
735266	39.51
735269	38.72
735270	39.85
735271	39.48
735272	39.79
735273	40.27
735276	39.92
735277	40.24
735278	40.11
735279	39.96
735280	39.54
735284	40.43
735285	39.51
735286	39.33
735287	39.08
735290	38.52
735291	39.59
735292	40.58
735293	41.1
735294	40.68
735297	41.54
735298	41.72
735299	41.08
735300	41.23
735301	41.67
735304	41.71
735305	41.97
735306	42.11
735307	42.15
735308	41.78
735311	41.58
735312	41.67
735313	42.55
735314	42.17
735315	42.66
735318	42.36
735319	41.99
735320	41.9
735321	41.53
735325	41.63
735326	42.03
735327	42.4
735328	43.56
735329	43.39
735332	43.99
735333	43.67
735334	44.36
735335	44.31
735336	44.43
735339	43.42
735340	43.93
735341	43.38
735342	43.17
735343	43.54
735346	43.54
735347	43.98
735348	43.88
735349	44.78
735350	44.63
735353	45.07
735354	44.83
735355	44.7
735356	44.78
735357	46.23
735360	46
735361	46.41
735362	46.64
735363	46.45
735364	47.23
735367	46.88
735368	47.39
735369	48.57
735370	47.88
735371	48.67
735374	48.85
735375	49.43
735376	49
735377	48.98
735378	49.21
735382	49.42
735383	48.85
735384	49.19
735385	48.34
735388	48.75
735389	48.39
735390	47.36
735391	48.39
735392	48.61
735395	48.93
735396	48.56
735397	48.06
735398	48.76
735399	48.48
735402	48.81
735403	49.32
735404	48.33
735405	46.82
735406	46.86
735409	46.14
735410	46.58
735411	47.73
735412	48.15
735413	48
735416	48.26
735417	48.4
735418	48.48
735420	49.18
735423	50.27
735424	50.37
735425	50.37
735426	49.69
735427	49.43
735430	50.22
735431	49.75
735432	49.53
735433	49.21
735434	49.21
735437	49.03
735438	48.79
735439	48.3
735440	48
735441	48.17
735444	48.27
735445	48.16
735446	48.34
735447	49.27
735448	49.46
735451	49.67
735452	48.44
735453	47.83
735454	48.23
735455	48.52
735458	48.11
735459	48.5
735460	46.33
735461	46.3
735462	44.99
735465	44.95
735466	45.61
735467	44.93
735468	44.95
735469	44.79
735472	44.16
735473	43.47
735474	44.32
735475	44.61
735476	44.43
735480	44.28
735481	44.8
735482	46.02
735483	45.08
735486	45.4
735487	44.58
735488	44.14
735489	43.53
735490	44.7
735493	44.97
735494	45.05
735495	45.58
735496	45.45
735497	44.62
735500	44.69
735501	43.58
735502	42.8
735503	43.32
735504	43.52
735507	43.27
735508	43.44
735509	43.97
735510	44.21
735511	44.07
735514	42.99
735515	42.45
735516	42.36
735517	43.21
735518	42.64
735521	42.58
735522	42.48
735523	43.79
735524	44.46
735525	44.39
735528	44.24
735529	44.6
735530	44.54
735531	45.1
735532	44.89
735535	45.44
735536	46.13
735537	46.4
735538	46.11
735539	45.96
735542	46.49
735543	46.14
735544	46.4
735545	45.96
735546	46.18
735549	47.07
735550	46.33
735551	50.68
735552	50.68
735553	51.09
735556	50.47
735557	50.41
735558	50.96
735559	50.81
735560	51.26
735563	52.28
735564	52.94
735565	53.54
735567	53.26
735570	52.44
735571	52.81
735572	52.04
735573	51.54
735574	51.83
735577	52.19
735578	51.78
735579	52.08
735580	51.65
735581	51.41
735584	51.61
735585	51.67
735586	52.14
735587	52.23
735588	52.27
735591	52.85
735592	52.71
735594	52.83
735595	52.7
735598	53.67
735599	53.4
735601	53.39
735602	53.54
735605	53.15
735606	52.18
735607	51.84
735608	55.8
735609	55.84
735612	55.26
735613	55.75
735614	55.8
735615	56.03
735616	56.23
735620	55.56
735621	55.38
735622	55.05
735623	54.42
735626	54.18
735627	54.47
735628	53.39
735629	53.91
735630	53.2
735633	50.91
735634	50.97
735635	51.35
735636	52.54
735637	53.09
735640	52.91
735641	53.57
735642	52.82
735643	53.14
735644	53.4
735648	53.15
735649	53.34
735650	53.46
