734290	11.77
734291	12.13
734292	11.78
734293	11.34
734296	10.89
734297	10.84
734298	10.54
734299	11.3
734300	11.26
734303	11.07
734304	11.39
734305	11.24
734306	10.94
734307	10.75
734310	10.54
734311	10.22
734312	10.47
734313	10.58
734314	10.47
734317	10.36
734318	9.96
734319	9.83
734320	9.85
734321	9.71
734325	9.79
734326	10.2
734327	9.8
734328	10.25
734331	10.1
734332	10.43
734333	10.34
734334	10.62
734335	10.1
734338	9.97
734339	10.39
734340	10.2
734341	10.55
734342	10.85
734345	11.17
734346	11.08
734347	10.64
734348	10.88
734349	11.02
734352	11.25
734353	10.6
734354	10.48
734355	10.42
734356	10.6
734359	11.06
734360	10.83
734361	10.54
734362	10.21
734363	10.24
734366	10.18
734367	10.47
734368	10.62
734369	10.43
734370	10.27
734373	9.98
734374	9.97
734375	10.43
734376	10.17
734377	10.47
734380	10.29
734381	10.26
734382	10.71
734383	10.98
734384	11.21
734388	10.95
734389	10.92
734390	10.98
734391	11.06
734394	11.22
734395	11.09
734396	10.98
734397	10.6
734398	10.61
734401	11.05
734402	10.98
734403	10.89
734404	10.62
734405	10.92
734408	11.04
734409	11.26
734410	11.14
734411	11.12
734412	11.08
734415	10.98
734416	10.84
734417	10.81
734418	10.64
734419	10.75
734422	10.54
734423	10.72
734424	10.78
734425	10.67
734426	10.49
734429	10.54
734430	10.38
734431	10.37
734432	10.63
734433	10.61
734436	10.68
734437	10.54
734438	10.58
734439	10.4
734440	10.43
734443	10.5
734444	11.06
734445	10.92
734446	11.77
734447	11.98
734450	12.02
734451	11.75
734452	12.05
734453	12.17
734454	11.51
734457	10.97
734458	11.02
734459	10.68
734460	10.65
734461	10.48
734464	10.41
734465	10.06
734466	10.05
734468	9.99
734471	9.87
734472	10.04
734473	10.53
734474	10.92
734475	11.11
734478	11.25
734479	11.44
734480	11.2
734481	11.1
734482	11.14
734485	11.36
734486	11.26
734487	11.07
734488	11.25
734489	11.39
734492	11.81
734493	11.91
734494	12.28
734495	11.91
734499	12.16
734500	11.8
734501	11.92
734502	12.01
734503	11.93
734506	12.34
734507	12.01
734508	12.4
734509	12.83
734510	13.02
734513	12.66
734514	13.1
734515	13.11
734516	13.08
734517	13.5
734521	13.33
734522	12.84
734523	12.91
734524	12.69
734527	12.94
734528	13.01
734529	13.24
734530	12.81
734531	12.5
734534	12.39
734535	12.4
734536	12.23
734537	11.9
734538	11.73
734541	12.12
734542	12.38
734543	12.46
734544	12.36
734545	12.51
734548	12.46
734549	12.32
734550	12.45
734551	12.69
734552	12.8
734556	12.07
734558	11.77
734559	11.92
734562	11.84
734563	11.43
734564	11.55
734565	11.73
734566	11.46
734569	11.33
734570	11.89
734571	12.01
734572	11.87
734573	11.83
734576	11.65
734577	11.97
734578	11.7
734579	11.88
734583	12.11
734584	11.85
734585	11.79
734586	11.79
734587	12.04
734590	12.15
734591	11.95
734592	11.73
734593	11.65
734594	11.74
734597	11.46
734598	11.26
734599	11.49
734600	11.62
734601	11.61
734604	11.71
734605	11.66
734606	11.48
734607	11.41
734608	11.53
734611	11.67
734612	11.81
734613	12.17
734614	11.99
734618	12.12
734619	12.22
734620	12.03
734621	12.1
734622	12.44
734625	12.09
734626	11.92
734627	11.99
734628	12.05
734629	11.93
734632	11.81
734633	11.87
734634	11.7
734635	11.59
734636	11.44
734639	11.67
734640	11.46
734641	11.65
734642	11.76
734643	11.8
734646	11.67
734647	11.47
734648	11.49
734649	11.81
734650	11.98
734654	12.18
734655	12.01
734656	11.71
734657	11.59
734660	11.59
734661	11.1
734662	10.76
734663	10.87
734664	10.76
734667	10.9
734668	11.13
734669	10.79
734670	10.96
734671	11.09
734674	11.23
734675	11.38
734676	11.54
734677	11.61
734678	11.42
734681	11.64
734682	11.75
734683	11.37
734684	11.52
734685	11.68
734689	11.63
734690	11.68
734691	11.93
734692	11.98
734695	11.64
734696	11.59
734697	11.58
734698	11.45
734699	11.48
734702	11.29
734703	11.93
734704	11.85
734705	12.13
734706	12.08
734709	11.97
734710	11.85
734711	11.6
734712	11.9
734713	11.88
734716	11.75
734717	11.39
734718	11.26
734719	10.48
734720	10.42
734723	9.56
734724	9.37
734725	9.18
734726	9.4
734731	9.88
734732	9.74
734733	9.13
734734	8.95
734737	8.95
734738	8.94
734739	9.45
734740	9.61
734741	9.68
734744	10.32
734745	10.6
734746	10.52
734747	10.2
734748	9.97
734752	9.73
734753	10.17
734754	9.8
734755	9.58
734758	9.56
734759	9.41
734760	9.57
734761	9.59
734762	9.65
734765	9.56
734766	9.78
734767	9.65
734768	9.12
734769	9.17
734772	9.45
734773	9.39
734774	9.24
734775	9.44
734776	9.04
734779	8.45
734780	8.71
734781	9.03
734782	9.19
734783	9.17
734786	9.64
734787	9.79
734788	10.04
734789	9.86
734793	9.54
734794	10.59
734795	10.44
734796	10.62
734797	10.83
734800	11.42
734801	11.1
734802	11.32
734803	11.72
734804	11.61
734807	11.13
734808	10.9
734809	11.28
734810	11.57
734811	11.55
734814	11.68
734815	12.04
734816	11.37
734817	11.66
734818	11.46
734821	11.28
734822	11.32
734823	11.54
734824	11.33
734825	11.25
734828	11.16
734829	11.3
734830	10.83
734832	10.86
734835	11.26
734836	11.29
734837	11.91
734838	11.93
734839	11.89
734842	12.61
734843	12.68
734844	12.69
734845	12.23
734846	12.66
734849	12.66
734850	12.05
734851	11.69
734852	11.92
734853	12
734856	11.76
734857	12.43
734858	12.78
734859	12.52
734860	12.45
734864	12.35
734865	12.2
734866	12.74
734867	12.61
734870	12.61
734871	12.98
734872	13.12
734873	13.36
734874	12.98
734877	12.96
734878	13.48
734879	14.13
734880	14.24
734881	13.91
734886	14.12
734887	14.05
734888	13.82
734891	13.89
734892	14.25
734893	14.36
734894	14.49
734895	14.12
734898	14.08
734899	13.92
734900	14.09
734901	14.12
734902	14.66
734905	14.45
734906	14.36
734907	14.49
734908	14.51
734909	14.33
734912	14.73
734913	14.56
734914	14.53
734915	14.47
734916	14.33
734920	13.94
734921	13.93
734922	14.16
734923	13.98
734926	14.24
734927	13.89
734928	14.34
734929	14.17
734930	13.93
734933	13.96
734934	13.46
734935	13.99
734936	14.56
734937	15.47
734940	15.47
734941	15.94
734942	15.83
734944	16.03
734947	15.93
734948	15.74
734949	15.74
734950	15.42
734951	15.43
734954	15.43
734955	15.77
734956	15.91
734957	15.39
734958	15.17
734961	15.02
734962	14.83
734963	14.31
734964	14.05
734968	14.7
734969	14.05
734970	14.73
734971	15.19
734972	14.82
734975	14.78
734976	15.02
734977	14.87
734978	14.62
734979	15.38
734982	15.06
734983	15.54
734984	15.71
734985	16.14
734986	16.51
734989	16.35
734990	16.65
734991	17.22
734992	16.88
734993	16.6
734996	16.76
734997	16.56
734998	17.23
734999	16.92
735000	17.13
735003	16.9
735004	17.33
735005	17.06
735006	16.15
735010	16.46
735011	16.59
735012	16.87
735014	17.01
735018	17.43
735019	16.62
735020	16.38
735021	15.21
735024	14.48
735025	14.86
735026	15.31
735027	15.53
735028	15.97
735031	15.34
735032	15.31
735033	15.07
735034	15.65
735035	15.88
735038	16.5
735039	16.72
735040	16.75
735041	16.29
735042	16.41
735045	16.29
735046	16.87
735047	17.26
735048	17.39
735049	18.38
735052	18.51
735053	18.28
735055	18.69
735056	18.76
735059	18.89
735060	18.24
735061	17.88
735062	18.37
735063	18.7
735066	18.9
735067	18.64
735068	18.44
735069	18.47
735070	18.88
735073	19.07
735074	18.53
735075	17.98
735076	18.75
735080	17.9
735081	17.63
735082	17.63
735083	17.55
735084	17.35
735087	17.48
735088	17.71
735089	18.03
735090	18.49
735091	18.09
735094	18.24
735095	18.33
735096	18.11
735097	18.92
735098	18.98
735101	18.41
735102	18.28
735103	19
735104	18.78
735105	19.01
735108	18.74
735109	18.62
735110	18.75
735111	18.77
735112	18.99
735116	19.49
735117	19.44
735118	20.04
735119	20.03
735122	19.76
735123	20.31
735124	20.56
735125	21.29
735126	21.99
735129	21.58
735130	21.35
735131	22.22
735132	22.19
735133	22.37
735136	22.04
735137	21.74
735138	20.9
735139	20.94
735140	20.62
735143	20.7
735144	20.71
735145	21.99
735146	21.99
735147	21.65
735150	21.17
735151	20.61
735152	20.73
735153	20.24
735154	19.96
735157	20.66
735158	20.68
735159	21.54
735160	21.57
735161	21.48
735164	21.43
735165	21.04
735166	21.41
735167	21.11
735168	20.76
735171	20.76
735173	20.96
735174	21.84
735175	21.04
735178	21.71
735179	21.43
735180	21.42
735181	20.97
735182	20.6
735185	19.4
735186	19.25
735187	18.39
735188	18.47
735189	18.9
735192	19.02
735193	19.44
735194	19.45
735196	19.53
735199	19.5
735200	19.58
735201	19.42
735202	19.61
735203	19.46
735206	19.37
735207	18.94
735208	18.59
735209	18.69
735210	18.85
735213	18.4
735214	18.56
735215	19.21
735216	18.88
735217	18.74
735220	19.69
735221	20.08
735222	19.95
735223	20.1
735224	19.75
735227	19.59
735229	19.44
735230	19.48
735231	19.24
735234	19.78
735236	20.39
735237	20.38
735238	20.72
735241	20.81
735242	20.73
735243	21.15
735244	20.86
735245	20.95
735248	20.89
735249	21.08
735250	21
735251	21.53
735252	21.52
735256	21.55
735257	21.82
735258	21.72
735259	21.76
735262	21.31
735263	23.82
735264	23.26
735265	23.06
735266	23.66
735269	22.86
735270	23.72
735271	23.44
735272	23.05
735273	23.17
735276	23.08
735277	22.92
735278	24.05
735279	23.83
735280	23.78
735284	23.29
735285	21.93
735286	22.17
735287	22.31
735290	21.37
735291	22.25
735292	22.65
735293	22.3
735294	22.51
735297	23.24
735298	23.8
735299	23.71
735300	23.82
735301	24.07
735304	23.96
735305	23.63
735306	24.02
735307	24.53
735308	24.34
735311	24.25
735312	24.31
735313	25.43
735314	24.88
735315	24.72
735318	24.48
735319	24.21
735320	24.12
735321	24.08
735325	23.85
735326	23.41
735327	22.54
735328	22.88
735329	23.08
735332	23.48
735333	23.27
735334	23.15
735335	23.33
735336	23.42
735339	21.9
735340	22.45
735341	21.88
735342	21.5
735343	21.98
735346	22.36
735347	23.37
735348	23.84
735349	24.53
735350	26.66
735353	26.52
735354	26
735355	25.58
735356	26.42
735357	26.45
735360	26.49
735361	26.68
735362	26.96
735363	26.82
735364	27.15
735367	27.35
735368	27.6
735369	27.43
735370	26.8
735371	27.23
735374	26.74
735375	26.31
735376	26.12
735377	26.01
735378	25.75
735382	25.69
735383	24.52
735384	24.74
735385	24.36
735388	23.78
735389	22.92
735390	22.65
735391	23.27
735392	23.56
735395	23.06
735396	22.32
735397	22.49
735398	23.66
735399	23.89
735402	24.26
735403	24.38
735404	23.44
735405	21.31
735406	21.1
735409	20.92
735410	20.91
735411	20.92
735412	21.71
735413	21.28
735416	21.05
735417	20.86
735418	20.96
735420	20.28
735423	19.73
735424	21.22
735425	21.22
735426	22.98
735427	22.76
735430	21.72
735431	21.7
735432	22.19
735433	21.67
735434	21.67
735437	22.07
735438	21.8
735439	21.2
735440	19.38
735441	19.33
735444	19.67
735445	19.75
735446	20.1
735447	20.11
735448	20.38
735451	19.97
735452	19.6
735453	18.98
735454	18.91
735455	18.89
735458	18.82
735459	18.54
735460	18.09
735461	19.12
735462	19
735465	18.3
735466	18.91
735467	18.85
735468	19.28
735469	18.73
735472	18.69
735473	17.99
735474	17.77
735475	18.4
735476	17.85
735480	17.8
735481	17.83
735482	17.77
735483	18.1
735486	19.28
735487	18.89
735488	19.5
735489	19.36
735490	19.14
735493	19.84
735494	19.95
735495	21.33
735496	21.01
735497	20.2
735500	19.81
735501	20.06
735502	20.16
735503	19.99
735504	19.63
735507	19.43
735508	19.38
735509	19.54
735510	19.07
735511	18.54
735514	18.5
735515	17.99
735516	17.93
735517	18.29
735518	18.65
735521	18.25
735522	17.69
735523	18.05
735524	19.14
735525	19.02
735528	18.67
735529	19.23
735530	19.47
735531	19.87
735532	19.77
735535	19.66
735536	19.97
735537	19.52
735538	18.95
735539	18.51
735542	18.82
735543	18.41
735544	18.73
735545	18.55
735546	18.14
735549	18.06
735550	18.91
735551	19.05
735552	19.59
735553	19.59
735556	19.3
735557	19.29
735558	19.06
735559	19.44
735560	19.05
735563	19.05
735564	19.93
735565	20.06
735567	19.88
735570	19.33
735571	19.13
735572	19.08
735573	18.79
735574	19.08
735577	19.45
735578	19.53
735579	19.01
735580	18.99
735581	18.96
735584	19.15
735585	18.91
735586	20.11
735587	20.16
735588	20.58
735591	21.13
735592	21.29
735594	21.37
735595	21.67
735598	21.93
735599	22.32
735601	21.83
735602	21.75
735605	21.27
735606	21.34
735607	21.58
735608	21.75
735609	22.15
735612	21.55
735613	21.59
735614	21.59
735615	21.92
735616	21.59
735620	21.48
735621	21.97
735622	21.96
735623	20.88
735626	20.94
735627	23
735628	23.11
735629	22.88
735630	23.48
735633	22.88
735634	23.07
735635	22.69
735636	23.57
735637	23.89
735640	23.55
735641	23.33
735642	23.23
735643	23.24
735644	23.62
735648	23.31
735649	23.16
735650	23.33
