734268	38.22
734269	37.26
734270	37.31
734271	37.73
734272	37.51
734275	37.68
734276	37.31
734277	37.04
734278	36.11
734279	36.26
734282	36.02
734283	35.87
734284	35.77
734285	36.42
734286	36.29
734290	35.38
734291	36.21
734292	36.75
734293	35.54
734296	35.82
734297	35.69
734298	34.93
734299	36.15
734300	36.08
734303	36.23
734304	37.05
734305	37.28
734306	37.5
734307	37.61
734310	37.5
734311	36.8
734312	36.3
734313	36.37
734314	36.44
734317	36.76
734318	36.12
734319	35.76
734320	35.43
734321	35.49
734325	35.92
734326	36.97
734327	37.48
734328	37.6
734331	37.85
734333	38.21
734334	38.51
734335	37.93
734338	38.32
734339	38.42
734340	37.84
734341	38.56
734342	38.92
734345	39.34
734346	40.03
734347	39.63
734348	38.62
734349	38.31
734352	39.09
734353	39.22
734354	39.44
734355	39.55
734356	39.51
734359	39.75
734360	39.68
734361	38.69
734362	38.53
734363	38.61
734366	38.64
734367	39.11
734368	39.03
734369	38.49
734370	38.46
734373	38.74
734374	38.76
734375	38.54
734376	38.49
734377	39.23
734380	38.8
734382	39.8
734383	40.05
734384	40.56
734388	40.5
734389	39.75
734390	39.95
734391	39.82
734394	40.16
734395	40.29
734396	40.14
734397	39.74
734398	39.8
734401	40.49
734402	40.16
734403	40.2
734404	39.67
734405	40.45
734408	40.4
734409	40.46
734411	40.32
734412	40.55
734417	40.62
734418	40.52
734419	40.69
734422	40.8
734423	40.69
734424	40.92
734425	40.82
734426	41.14
734429	41.5
734431	41.69
734432	41.37
734433	41.2
734436	41.16
734437	41.09
734438	40.76
734439	40.89
734443	40.54
734444	41.15
734445	41
734446	41.41
734447	41.67
734450	41.5
734451	41.21
734452	41.25
734453	41.24
734454	40.94
734457	41.19
734458	40.57
734459	40.88
734460	41.1
734461	40.92
734464	41.13
734465	40.7
734466	41.09
734468	41.04
734471	40.8
734472	40.62
734474	41.22
734475	41.18
734479	40.93
734480	40.28
734481	40.18
734482	40.23
734485	40.23
734486	40.85
734487	40.35
734488	40.75
734489	40.76
734492	40.72
734493	40.8
734494	40.92
734495	40.88
734499	40.79
734500	40.86
734501	40.87
734502	40.87
734506	40.75
734507	40.69
734508	40.52
734509	40.65
734510	41.12
734513	41.08
734514	41.24
734515	41.32
734516	41.5
734517	41.84
734522	41.79
734524	42
734528	42.5
734529	42.25
734530	42.67
734531	42.07
734534	42.27
734535	42.79
734536	42.56
734537	42.61
734538	42.51
734541	42.8
734542	42.74
734543	42.59
734544	42.41
734545	40.67
734548	40.14
734549	40.34
734550	40.26
734551	40.57
734552	40.43
734556	40.29
734558	40.14
734559	40.36
734562	40.48
734563	40.25
734564	40.12
734565	40.48
734566	40.2
734569	40.29
734570	40.54
734571	40.69
734572	40.02
734573	40.05
734576	39.04
734577	38.73
734578	38.08
734579	38.28
734583	39
734584	39.01
734585	38.9
734586	39.05
734587	39.06
734590	38.91
734591	39.1
734592	39.37
734593	39.37
734594	39.69
734597	39.68
734598	39.5
734599	39.72
734600	39.47
734601	39.22
734604	38.94
734605	38.62
734606	38.88
734607	38.98
734608	39.2
734611	38.86
734612	39.08
734613	39.62
734614	39.56
734618	39.64
734619	40.35
734621	41.47
734622	41.52
734625	41.62
734626	41.6
734627	41.36
734628	41.01
734629	41.22
734632	41.34
734633	41.92
734634	41.77
734635	42.01
734636	41.93
734639	41.76
734640	41.84
734641	41.75
734642	41.84
734643	41.49
734646	40.94
734647	40.76
734648	40.43
734649	40.45
734650	40.44
734654	40.67
734655	40.33
734656	40.38
734657	39.89
734660	39.89
734661	39.52
734662	39.38
734663	39.22
734664	38.9
734667	39.03
734668	39.18
734669	38.79
734670	38.78
734671	38.76
734674	38.95
734675	39.03
734676	38.81
734677	38.53
734678	38.66
734681	38.91
734682	39.05
734683	39.31
734684	39.37
734685	39.86
734689	39.5
734690	39.56
734691	39.73
734695	39.13
734696	39.23
734697	39.31
734698	39.49
734699	39.74
734703	39.57
734704	40.23
734705	40.97
734706	40.54
734709	40.44
734710	40.17
734711	39.83
734712	39.65
734713	39.19
734716	39.17
734717	38.36
734718	38.53
734719	36.68
734720	37.32
734723	35.12
734724	35.31
734725	36.22
734726	37.29
734731	38.57
734732	38.62
734733	39.15
734734	38.58
734737	38.58
734738	39.23
734739	39.88
734740	39.08
734741	39.09
734744	39.83
734745	39.91
734746	40.22
734747	40.01
734748	39.39
734752	39.37
734753	39.29
734754	39.11
734755	38.34
734758	38.44
734759	38.69
734760	39.29
734761	39.7
734762	39.88
734765	39.8
734766	40.91
734767	39.81
734768	39.36
734769	39.75
734772	40.47
734773	40.56
734774	40.31
734775	40.8
734776	40.45
734779	39.49
734780	39.37
734781	39.13
734782	39.38
734783	40.15
734786	40.82
734787	40.59
734788	40.64
734789	40.85
734793	41
734794	41.61
734795	41.59
734796	41.91
734797	42.66
734800	42.55
734801	41.68
734802	41.76
734803	42.53
734804	42.9
734807	42.28
734808	41.29
734809	42.05
734810	42.8
734811	42.62
734814	42.62
734815	42.81
734816	41.77
734817	42.19
734818	43.18
734821	42.67
734822	42.79
734823	42.57
734824	42.36
734825	42.52
734828	41.88
734829	41.12
734830	40.7
734832	40.97
734835	41.45
734836	42.09
734837	43.62
734838	43.43
734839	43.14
734842	43.61
734843	43.61
734844	43.4
734845	42.47
734846	42.98
734849	42.76
734850	42.72
734851	42.43
734852	42.97
734853	42.78
734856	42.51
734857	43.71
734858	44.31
734859	44.46
734860	44.75
734864	45.14
734865	44.91
734866	45.34
734867	45.06
734870	45.06
734871	44.46
734872	44.12
734873	43.94
734874	43.76
734877	43.71
734878	44.3
734879	44.16
734880	44.17
734881	44.05
734886	44.85
734887	44.64
734888	44.72
734891	44.66
734892	44.44
734893	44.08
734894	45.05
734895	45.01
734898	44.7
734899	44.83
734900	45.2
734901	45
734902	45.32
734905	45.2
734906	45.68
734907	45.73
734908	45.49
734909	45.31
734912	45.15
734913	45
734914	44.6
734915	44.78
734916	44.85
734920	44.81
734921	45.1
734922	45.18
734923	45.35
734926	45.35
734927	45.15
734928	45
734929	44.73
734930	44.63
734933	44.75
734934	44.58
734935	44.39
734936	44.59
734937	44.85
734940	44.85
734941	45.64
734942	45
734944	44.69
734947	44.6
734948	44.44
734949	44.44
734950	44.54
734951	44.61
734954	45.2
734955	45.34
734956	45.36
734957	45.65
734958	45.61
734961	45.6
734962	45.34
734963	45.2
734964	45.05
734968	44.77
734969	44.01
734970	44
734971	44.4
734972	44.28
734975	44.36
734976	44.95
734977	44.84
734978	44.86
734979	45.59
734982	45.18
734983	45.59
734984	45.64
734985	45.85
734986	46.12
734989	46.12
734990	46.37
734991	45.97
734992	45.87
734993	45.67
734996	45.59
734997	45.69
734998	45.81
734999	46.61
735000	46.53
735003	46.65
735004	46.33
735005	46.36
735006	46.07
735007	45.87
735010	46.02
735011	46.49
735012	46.08
735014	46.65
735018	46.77
735019	46.58
735020	46.98
735021	46.76
735024	46.7
735025	47.01
735026	47.5
735027	47.09
735028	46.99
735031	47.38
735032	47.59
735033	47.58
735034	47.85
735035	48.04
735038	47.97
735039	47.69
735040	47.32
735041	46.73
735042	46.56
735045	46.4
735046	46.64
735047	47.27
735048	47.42
735049	47.84
735052	48.46
735053	48.38
735055	48.09
735056	48.15
735059	47.92
735060	47.99
735061	48.35
735062	48.28
735063	48.73
735066	48.53
735067	48.51
735068	48.52
735069	48.62
735070	48.67
735073	48.16
735074	47.69
735075	47.8
735076	48.44
735080	49.65
735081	49.17
735082	48.89
735083	48.57
735084	49.34
735087	49.18
735088	48.84
735089	48.64
735090	48.63
735091	48.96
735094	48.89
735095	49.02
735096	48.65
735097	48.6
735098	48.57
735101	48.67
735102	48.58
735103	48.14
735104	47.59
735105	47.93
735108	47.9
735109	47.72
735110	47.74
735111	47.38
735112	47.36
735116	47.9
735117	48.16
735118	48.43
735119	48.32
735122	48.25
735123	48.27
735124	48.26
735125	48.97
735126	48.42
735129	48.11
735130	48.04
735131	48.44
735132	48.49
735133	48.44
735136	48.69
735137	48.62
735138	48.68
735139	48.13
735140	48.27
735143	47.88
735144	48.19
735145	48.62
735146	48.84
735147	48.94
735150	48.94
735151	48.8
735152	48.57
735153	48.51
735154	48.3
735157	48.51
735158	48.68
735159	49.39
735160	49.56
735161	49.12
735164	48.82
735165	48.32
735166	48.14
735167	48.6
735168	48.64
735171	48.64
735173	49.08
735174	48.99
735175	48.47
735178	47.91
735179	47.75
735180	46.63
735181	46.6
735182	46.46
735185	46.26
735186	46.14
735187	45.9
735188	45.51
735189	46.1
735192	45.6
735193	45.45
735194	45.29
735196	45.13
735199	45.45
735200	45.57
735201	45.75
735202	45.81
735203	46.34
735206	46.18
735207	45.71
735208	46.33
735209	45.78
735210	45.9
735213	46.08
735214	46.24
735215	46.17
735216	45.86
735217	45.64
735220	46.57
735221	46.87
735222	46.32
735223	46.43
735224	46.22
735227	46.02
735229	45.68
735230	45.62
735231	45.1
735234	45.64
735236	46.81
735237	46.63
735238	46.67
735241	45.91
735242	46.13
735243	46.16
735244	46.52
735245	46.49
735248	46.31
735249	46.21
735250	45.99
735251	45.84
735252	46.28
735256	46.73
735257	46.49
735258	46.64
735259	46.72
735262	46.41
735263	46.54
735264	46.63
735265	46.6
735266	46.81
735269	46.84
735270	47.02
735271	47.13
735272	46.98
735273	47
735276	47.23
735277	47.47
735278	47.86
735279	47.89
735280	47.86
735284	48.68
735285	48.75
735286	48.54
735287	48.98
735290	48.49
735291	48.45
735292	48.88
735293	48.84
735294	49.06
735297	49.49
735298	49.71
735299	49.64
735300	48.86
735301	49.06
735304	49.47
735305	49.2
735306	49.42
735307	49.47
735308	49.6
735311	49.27
735312	49.23
735313	49.51
735314	49.46
735315	49.67
735318	49.41
735319	50.05
735320	50.17
735321	50.98
735325	51.09
735326	51.27
735327	51.42
735328	51.82
735329	52.02
735332	52.09
735333	51.35
735334	52.1
735335	52.19
735336	52.6
735339	51.41
735340	52.08
735341	51.55
735342	51.68
735343	52.81
735346	52.65
735347	52.47
735348	52.59
735349	53.29
735350	53.2
735353	54.07
735354	54.21
735355	53.85
735356	53.68
735357	53.91
735360	53.53
735361	53.65
735362	53.18
735363	52.16
735364	52.55
735367	52.61
735368	53
735369	53.31
735370	52.92
735371	53.48
735374	53.36
735375	53.49
735376	52.37
735377	51.87
735378	51.33
735382	51.42
735383	50.43
735384	50.96
735385	50.44
735388	50.51
735389	50.32
735390	49.63
735391	49.65
735392	49.87
735395	49.59
735396	49.15
735397	48.57
735398	49.46
735399	49.46
735402	49.64
735403	49.97
735404	48.62
735405	47.5
735406	48.15
735409	47.96
735410	48.48
735411	48.85
735412	48.84
735413	49.1
735416	48.84
735417	48.79
735418	48.56
735420	48.51
735423	49.37
735424	50.11
735425	50.11
735426	50.89
735427	51.04
735430	51.82
735431	51.76
735432	51.62
735433	52.36
735434	52.36
735437	52.48
735438	52.78
735439	51.87
735440	52.27
735441	52.15
735444	52.13
735445	52.22
735446	51.91
735447	52.34
735448	52.22
735451	51.95
735452	51.31
735453	51.18
735454	51.57
735455	51.46
735458	51.18
735459	50.8
735460	50.45
735461	49.65
735462	48.92
735465	48.41
735466	48.91
735467	48.22
735468	48.53
735469	48.92
735472	48.57
735473	48.46
735474	48.45
735475	48.2
735476	48.12
735480	47.3
735481	47.03
735482	46.49
735483	46.17
735486	46.3
735487	46.54
735488	46.04
735489	45.73
735490	46.24
735493	46.29
735494	46.43
735495	47.79
735496	47.34
735497	46.51
735500	47.23
735501	47.18
735502	46.51
735503	46.43
735504	46.03
735507	46.04
735508	46.01
735509	45.85
735510	45.38
735511	45
735514	44.86
735515	45.03
735516	45.25
735517	45.97
735518	46.14
735521	45.79
735522	45.04
735523	45.55
735524	46.4
735525	46.58
735528	46.43
735529	47.2
735530	47.22
735531	47.02
735532	47.62
735535	47.43
735536	47.18
735537	46.7
735538	46.63
735539	47.21
735542	47.71
735543	47.33
735544	47.86
735545	47.17
735546	46.9
735549	46.85
735550	46.17
735551	46.5
735552	46.9
735553	47.21
735556	47.29
735557	47.27
735558	46.92
735559	47.3
735560	47.55
735563	47.34
735564	47.12
735565	47.27
735567	47.17
735570	47.05
735571	47.32
735572	47.61
735573	47.35
735574	47.64
735577	47.37
735578	46.83
735579	46.29
735580	46.42
735581	46.54
735584	46.8
735585	46.62
735586	47.45
735587	47.02
735588	47.25
735591	47.11
735592	47.28
735594	47.05
735595	46.96
735598	46.9
735599	46.93
735601	46.03
735602	45.96
735605	45.73
735606	46.22
735607	45.67
735608	46.02
735609	46.8
735612	46.4
735613	46.33
735614	46.18
735615	46.38
735616	46.34
735620	46.88
735621	47.05
735622	47.01
735623	46.56
735626	46.29
735627	46.45
735628	46.16
735629	46.96
735630	47.27
735633	46.83
735634	46.28
735635	45.94
735636	46.35
735637	46.64
735640	47.03
735641	47.75
735642	47.86
735643	48.45
735644	48.7
735648	48.93
735649	48.5
735650	49.08
