734278	13.83
734279	14.51
734282	14.37
734283	14.71
734284	14.8
734285	15.99
734286	15.59
734290	14.92
734291	15.66
734292	15.64
734293	14.68
734296	13.97
734297	14.4
734298	14.1
734299	15.13
734300	15.36
734303	15.32
734304	15.93
734305	15.32
734306	14.93
734307	15.28
734310	15.11
734311	14.63
734312	14.45
734313	13.97
734314	14.01
734317	13.81
734318	13.24
734319	13.07
734320	12.86
734321	12.66
734325	12.89
734326	13.81
734327	13.95
734328	14.59
734331	14.46
734332	14.73
734333	14.51
734334	14.36
734335	13.46
734338	13.9
734339	14.46
734340	13.93
734341	15
734342	15.26
734345	15.55
734346	15.65
734347	15.56
734348	15.79
734349	13.58
734352	13.67
734353	13.26
734354	12.83
734355	13.24
734356	13.05
734359	13.18
734360	13.12
734361	12.37
734362	11.89
734366	12.03
734367	11.97
734368	12.1
734369	11.54
734370	11.36
734373	11.11
734374	10.59
734375	10.6
734376	10.72
734377	11.14
734380	10.59
734381	10.84
734382	11.22
734383	11.35
734384	12.03
734388	11.37
734389	11.79
734390	12.07
734391	12.11
734394	12.58
734395	12.37
734396	12.36
734397	12.46
734398	12.41
734401	12.91
734402	12.78
734403	12.38
734404	11.99
734405	12.49
734408	12.33
734409	12.41
734410	12.26
734411	12.22
734412	12.28
734415	12.05
734416	12.4
734417	12.4
734418	12.28
734419	12.82
734422	12.77
734423	12.87
734424	12.96
734425	13.07
734426	13.12
734429	13.25
734430	13.36
734431	13.46
734433	13.38
734436	13.51
734437	13.44
734438	13.2
734439	12.58
734440	11.33
734443	11.58
734444	11.69
734445	11.65
734446	12.25
734450	11.96
734451	11.8
734452	12.06
734453	11.92
734454	11.56
734457	11.53
734458	11.42
734459	11.46
734460	11.54
734461	11.58
734464	11.38
734465	11.29
734466	11.75
734468	11.6
734471	11.65
734472	11.66
734473	12.02
734474	12.48
734475	12.55
734478	12.41
734479	12.68
734480	13.06
734481	13
734482	13.05
734485	13.05
734486	13.03
734487	12.77
734488	12.8
734489	12.84
734492	12.86
734493	13.02
734494	13.41
734495	13.31
734499	13.3
734500	13.19
734501	13.14
734503	13.14
734506	13.5
734507	13.49
734508	13.54
734510	14.21
734513	13.88
734514	14.23
734515	14.31
734516	14.24
734517	14.31
734521	14.15
734522	13.44
734523	13.31
734524	13.61
734527	13.65
734529	13.77
734530	14.12
734531	13.85
734534	13.57
734535	13.94
734536	12.76
734537	12.83
734538	12.91
734541	13
734542	12.96
734544	13.02
734545	13.59
734548	13.42
734549	13.68
734550	13.72
734551	13.75
734552	13.99
734556	13.32
734558	13.08
734559	13.3
734562	13.23
734563	12.8
734564	12.8
734565	12.97
734566	12.87
734569	12.75
734570	13.01
734571	12.94
734572	12.61
734573	13
734576	12.61
734577	12.62
734578	12.42
734579	12.45
734583	12.97
734584	12.91
734585	12.99
734586	12.96
734587	13.07
734590	12.98
734591	13.25
734592	13.5
734593	13.46
734594	13.54
734597	13.36
734598	13.2
734599	13.28
734600	13.31
734601	12.99
734604	12.74
734605	12.68
734606	12.55
734607	12.26
734608	12.26
734611	11.95
734612	11.84
734613	12.04
734614	12.02
734618	11.99
734619	12.3
734620	12.2
734621	12.25
734622	12.19
734625	12.52
734626	12.18
734627	12.07
734628	11.63
734629	11.47
734632	11.44
734633	11.25
734634	11.45
734635	11.52
734636	11.22
734639	11.21
734640	11.2
734641	11.24
734642	11.37
734643	11.12
734646	10.95
734647	11.01
734648	10.95
734649	11.07
734650	11.09
734654	11.11
734655	10.63
734656	11.05
734657	10.73
734660	10.73
734661	10.59
734662	10.46
734663	10.47
734664	10.1
734667	10.24
734668	10.34
734669	9.89
734670	9.92
734671	10.2
734674	10.2
734675	10.42
734676	10.38
734677	10.1
734678	9.95
734681	9.98
734682	9.99
734683	10.2
734684	10.28
734685	10.56
734689	10.28
734690	10.46
734691	10.68
734692	10.48
734695	9.81
734696	9.71
734697	9.79
734699	9.81
734702	9.06
734703	9.5
734704	9.47
734705	8.21
734706	8.93
734709	8.47
734710	8.4
734711	7.95
734712	7.82
734713	8.32
734716	8.04
734717	7.6
734718	7.83
734719	7.02
734720	6.78
734723	5.63
734724	6.02
734725	5.78
734726	6.25
734731	6.45
734732	6.68
734733	6.32
734734	6.25
734737	6.16
734738	6.14
734739	6.55
734740	6.31
734741	6.51
734744	7.03
734745	6.91
734746	6.93
734747	6.62
734748	6.39
734752	6.04
734753	6.52
734754	6.11
734755	5.82
734758	5.82
734759	5.84
734760	5.95
734761	6.13
734762	6.16
734765	5.89
734766	5.71
734767	5.35
734768	4.92
734769	5.09
734772	5.33
734773	5.61
734774	5.67
734775	6
734776	5.74
734779	5.29
734780	5.32
734781	5.29
734782	5.34
734783	5.13
734786	5.45
734787	5.62
734788	5.89
734789	5.56
734793	5.59
734794	6.09
734795	5.8
734796	5.86
734797	6
734800	6.35
734801	5.73
734802	6.15
734803	6.93
734804	6.85
734807	6.38
734808	5.84
734809	6.17
734810	6.16
734811	7.19
734814	6.98
734815	7.16
734816	6.56
734817	6.55
734818	6.95
734821	6.73
734822	6.6
734823	6.31
734824	6.1
734825	6.09
734828	5.78
734829	5.69
734830	5.35
734832	5.39
734835	6.07
734836	6.14
734837	6.59
734838	6.54
734839	6.47
734842	6.71
734843	6.73
734844	6.93
734845	6.54
734846	6.75
734849	6.43
734850	6.29
734851	6.22
734852	6.26
734853	6.26
734856	5.75
734857	6
734858	6
734859	6.34
734860	6.46
734864	6.39
734865	6.29
734866	6.45
734867	6.55
734870	6.55
734871	6.84
734872	6.75
734873	6.96
734874	6.77
734877	6.77
734878	7.27
734879	7.8
734880	7.72
734881	7.51
734886	7.82
734887	8.17
734888	8.24
734891	8.22
734892	8.24
734893	8.04
734894	8.06
734895	7.8
734898	7.65
734899	7.71
734900	7.99
734901	8.04
734902	9.17
734905	8.94
734906	8.95
734907	8.9
734908	8.91
734909	8.73
734912	9.04
734913	8.88
734914	8.82
734915	9.03
734916	9.22
734920	9.54
734921	9.2
734922	9.34
734923	9.14
734926	9.03
734927	8.96
734928	9.09
734929	9.1
734930	8.96
734933	8.91
734934	8.56
734935	8.68
734936	8.91
734937	8.9
734940	8.9
734941	9.04
734942	8.9
734944	9.15
734947	9.15
734948	9.08
734949	8.88
734950	8.74
734951	8.71
734954	8.8
734955	8.74
734956	8.65
734957	8.45
734958	8.32
734961	8.38
734962	8.17
734963	8.02
734964	8.05
734968	7.69
734969	7.31
734970	7.54
734971	7.85
734972	7.65
734975	7.62
734976	7.7
734977	5.87
734978	6.04
734979	6.06
734982	6.06
734983	6.04
734984	5.87
734985	5.95
734986	5.99
734989	6.01
734990	6.15
734991	6.14
734992	5.83
734993	5.8
734996	5.8
734997	5.82
734998	5.61
734999	5.67
735000	5.85
735003	5.73
735004	5.5
735005	5.11
735006	4.98
735007	4.88
735010	5.1
735011	5.25
735012	5.24
735014	5.19
735018	5.44
735019	5.28
735020	5.16
735021	5.13
735024	5.05
735025	5.1
735026	5.44
735027	5.39
735028	5.38
735031	5.08
735032	5.18
735033	5.12
735034	5.17
735035	5.37
735038	5.23
735039	5.48
735040	5.48
735041	5.15
735042	5.17
735045	4.89
735046	4.94
735047	4.91
735048	5.43
735049	5.66
735052	5.71
735053	5.89
735055	5.61
735056	5.56
735059	5.41
735060	5.21
735061	5.23
735062	5.08
735063	5.32
735066	5.31
735067	5.3
735068	5.12
735069	5.06
735070	4.79
735073	4.83
735074	4.65
735075	4.67
735076	4.74
735080	5.1
735081	5.04
735082	4.48
735083	4.12
735084	4.32
735087	4.39
735088	4.5
735089	4.61
735090	4.8
735091	4.84
735094	4.83
735095	4.89
735096	4.99
735097	5.17
735098	5.25
735101	5.34
735102	5.53
735103	5.38
735104	5.24
735105	5.41
735108	5.26
735109	5.27
735110	5.34
735111	5.21
735112	5.29
735116	5.25
735117	5.17
735118	5.44
735119	5.65
735122	5.72
735123	5.76
735124	5.75
735125	5.89
735126	6.12
735129	6
735130	5.87
735131	5.89
735132	5.83
735133	5.66
735136	5.55
735137	5.17
735138	5.23
735139	5.23
735140	5.23
735143	5.13
735144	5.16
735145	5.16
735146	5.23
735147	5.39
735150	5.42
735151	5.43
735152	5.47
735153	5.61
735154	5.47
735157	5.51
735158	5.7
735159	5.79
735160	5.81
735161	5.63
735164	5.71
735165	5.47
735166	5.41
735167	5.64
735168	5.48
735171	5.48
735173	5.96
735174	6.22
735175	6.06
735178	5.98
735179	6
735180	5.65
735181	5.56
735182	5.61
735185	5.54
735186	5.4
735187	5.29
735188	5.29
735189	5.38
735192	5.57
735193	5.6
735194	5.66
735196	5.65
735199	5.58
735200	5.62
735201	5.85
735202	5.87
735203	5.95
735206	5.89
735207	5.99
735208	6.08
735209	6.41
735210	6.61
735213	6.72
735214	6.9
735215	6.97
735216	6.96
735217	6.96
735220	7.12
735221	7.34
735222	7.32
735223	7.35
735224	7.05
735227	7.09
735229	7.3
735230	7.25
735231	7.22
735234	7.51
735236	7.9
735237	8.13
735238	8.28
735241	8.33
735242	8.04
735243	8.14
735244	8.23
735245	8.11
735248	8.01
735249	8.13
735250	8.85
735251	8.88
735252	9.15
735256	9.42
735257	9.33
735258	9.31
735259	9.45
735262	9.25
735263	9.2
735264	9.13
735265	9.08
735266	9.17
735269	9.15
735270	9.17
735271	8.9
735272	8.75
735273	8.88
735276	8.8
735277	9.03
735278	9.14
735279	9.14
735280	9.15
735284	9.11
735285	8.68
735286	8.55
735287	8.82
735290	8.33
735291	8.26
735292	8.54
735293	8.54
735294	8.52
735297	9.09
735298	9.39
735299	9.61
735300	9.65
735301	9.84
735304	10.5
735305	10.46
735306	10.51
735307	10.5
735308	10.49
735311	10.44
735312	10.1
735313	10.23
735314	10.01
735315	10.14
735318	10.15
735319	10.22
735320	10.09
735321	9.94
735325	9.87
735326	9.79
735327	9.42
735328	9.49
735329	9.46
735332	9.73
735333	9.77
735334	9.94
735335	9.99
735336	9.9
735339	9.37
735340	9.71
735341	9.3
735342	9.12
735343	9.37
735346	9.31
735347	9.71
735348	9.88
735349	9.99
735350	9.87
735353	9.94
735354	9.96
735355	10.27
735356	10.33
735357	10.47
735360	10.65
735361	10.86
735362	10.68
735363	10.45
735364	10.44
735367	10.65
735368	11
735369	10.93
735370	10.61
735371	10.74
735374	10.78
735375	10.78
735376	10.48
735377	10.5
735378	10.35
735382	10.67
735383	10.7
735384	11.02
735385	10.81
735388	10.85
735389	10.64
735390	10.35
735391	10.57
735392	10.92
735395	11.14
735396	10.88
735397	10.7
735398	11.06
735399	11
735402	11.2
735403	11.39
735404	11.27
735405	10.95
735406	10.98
735409	10.61
735410	10.88
735411	11.16
735412	11.39
735413	11.41
735416	11.92
735417	11.98
735418	11.89
735420	12.32
735423	12.27
735424	12.4
735425	12.4
735426	12.4
735427	12.74
735430	12.82
735431	12.78
735432	12.79
735433	13.13
735434	13.13
735437	13.17
735438	13.4
735439	13.31
735440	13.37
735441	13.27
735444	13.28
735445	13.36
735446	12.99
735447	13.15
735448	13.29
735451	13.05
735452	12.85
735453	12.78
735454	12.88
735455	12.78
735458	12.6
735459	12.8
735460	12.68
735461	12.38
735462	12.59
735465	12.02
735466	12.13
735467	12.02
735468	12.27
735469	12.28
735472	12.14
735473	11.62
735474	11.71
735475	11.89
735476	11.8
735480	11.95
735481	12.18
735482	12.28
735483	12.13
735486	12.44
735487	12.57
735488	12.5
735489	12.33
735490	12.23
735493	12.29
735494	12.18
735495	12.17
735496	12.21
735497	12.15
735500	11.97
735501	12.25
735502	12.73
735503	12.99
735504	12.93
735507	12.8
735508	12.92
735509	12.85
735510	12.77
735511	12.89
735514	12.66
735515	12.62
735516	12.7
735517	13
735518	13.13
735521	13.07
735522	12.94
735523	13.41
735524	13.64
735525	13.89
735528	14.06
735529	14.06
735530	13.98
735531	14.24
735532	14.25
735535	14.38
735536	14.57
735537	14.35
735538	14.53
735539	14.46
735542	14.52
735543	14.59
735544	14.25
735545	13.77
735546	14.33
735549	14.42
735550	14.15
735551	14.37
735552	14.57
735553	14.54
735556	14.52
735557	14.77
735558	14.84
735559	15.2
735560	15.28
735563	15.28
735564	15.14
735565	15.21
735567	15.11
735570	15.4
735571	15.14
735572	15.25
735573	15.08
735574	15.2
735577	15.18
735578	15.29
735579	15.1
735580	14.86
735581	14.96
735584	15.04
735585	14.88
735586	15.14
735587	15.28
735588	15.4
735591	15.59
735592	15.63
735594	15.57
735595	15.51
735598	15.43
735599	15.53
735601	15.5
735602	15.39
735605	15.78
735606	16.08
735607	16.34
735608	16.71
735609	16.66
735612	16.24
735613	16.42
735614	16.43
735615	16.41
735616	16.09
735620	16.02
735621	16.08
735622	15.83
735623	15.03
735626	14.95
735627	15.21
735628	14.87
735629	14.95
735630	14.75
735633	14.3
735634	14.53
735635	14.93
735636	15.19
735637	15.5
735640	15.3
735641	15.53
735642	15.43
735643	15.5
735644	15.56
735648	15.68
735649	15.21
735650	15.23
