734262	61.71
734263	62.16
734264	60.75
734265	60.31
734268	62.42
734269	62.37
734270	63.02
734271	62.75
734272	62.54
734275	63.38
734276	63.21
734277	63.22
734278	61.61
734279	61.85
734282	61.4
734283	61.05
734284	60.44
734285	60.95
734286	61.09
734290	61.16
734291	61.74
734292	61.8
734293	60.8
734296	60.62
734297	62.14
734298	61.47
734299	61.91
734300	61.01
734303	61.25
734304	61.91
734305	61.19
734306	61.76
734307	61.3
734310	61.1
734311	60.72
734312	61.38
734313	60.87
734314	59.79
734317	60.62
734318	60.32
734319	59.98
734320	59.54
734321	59.38
734325	59.34
734326	60.82
734327	61.95
734328	61.75
734331	62.09
734333	62.66
734334	62.73
734335	61.99
734338	61.86
734339	62.07
734340	61.11
734341	61.37
734342	61.91
734345	62.52
734346	63.08
734347	62.7
734348	61.67
734349	61.16
734352	62.06
734353	59.94
734354	59.55
734355	59.86
734356	60.02
734359	60.38
734360	60.78
734361	60.27
734362	59.99
734366	59.77
734367	60.29
734368	60.75
734369	60.19
734370	59.98
734373	60.03
734374	59.66
734375	59.67
734376	59.54
734377	59.8
734380	59.37
734382	59.8
734383	60.07
734384	60.29
734388	60.14
734389	60.37
734390	60.29
734391	60.4
734394	60.48
734395	60.64
734396	61.11
734397	61.11
734398	60.97
734401	61.43
734402	61.52
734403	61.79
734404	61.22
734405	61.64
734408	61.04
734411	59.97
734412	60.16
734417	60.87
734418	60.8
734419	61.86
734423	62.02
734424	62.63
734425	62.8
734426	62.76
734429	63.35
734431	63.37
734432	63.51
734433	63.4
734436	63.54
734437	62.86
734438	63.08
734439	63.19
734443	63.62
734444	64.02
734445	64.31
734446	65
734447	65
734450	64.75
734451	64.81
734452	64.57
734453	64.36
734454	64.33
734457	64.29
734458	63.45
734459	63.27
734460	64.02
734461	64.05
734464	63.56
734465	62.61
734466	62.6
734468	62.13
734471	62.13
734472	61.07
734474	62.36
734475	62.33
734479	62.15
734480	62.63
734481	62.87
734482	63.2
734485	63.2
734486	63.55
734487	63.64
734488	64.5
734489	64.81
734492	64.97
734493	64.87
734494	64.95
734495	65.24
734499	64.67
734500	64.76
734501	64.4
734502	64.4
734506	64.77
734507	64.95
734508	64.8
734509	64.69
734510	64.5
734513	64.36
734514	64.04
734515	64.97
734516	65.48
734517	65.53
734522	65.35
734524	65.91
734529	66.11
734530	64.18
734531	64.2
734534	63.13
734535	62.92
734536	62.79
734537	62.9
734538	63.61
734541	64.55
734542	64.64
734543	64.39
734544	64.58
734545	64.73
734548	64.54
734549	63.92
734550	63.76
734551	64
734552	64.3
734556	64.07
734558	63.05
734559	62.84
734562	63.05
734563	62.74
734564	62.41
734565	62.55
734566	62.03
734569	61.71
734570	62.05
734571	62
734572	61.49
734573	61.49
734576	61.35
734577	60.66
734578	59.73
734579	60.43
734583	61.3
734584	60.93
734585	60.91
734586	61.14
734587	60.88
734590	60.66
734591	61.28
734592	61.97
734593	61.6
734594	62.08
734597	62.26
734598	61.67
734599	61.76
734600	62.13
734601	61.9
734604	62.19
734605	62.89
734606	62.99
734607	63.3
734608	64.18
734611	64
734612	63.86
734613	63.72
734614	63.27
734618	63.37
734619	63.83
734621	64.5
734622	64.9
734625	65.18
734626	65.71
734627	66.47
734628	65.88
734629	65.27
734632	65.14
734633	65.73
734634	65.92
734635	66.84
734636	66.86
734639	66.94
734640	67.42
734641	67.38
734642	67.46
734643	67.36
734646	67.05
734647	67.01
734648	66.38
734649	66.19
734650	66.2
734654	67
734655	66.4
734656	66.01
734657	65.43
734660	65.43
734661	65.06
734662	64.85
734663	65.01
734664	64.7
734667	64.77
734668	64.76
734669	63.76
734670	64.26
734671	64.69
734674	65.09
734675	64.22
734676	64.06
734677	63.46
734678	62.59
734681	62.82
734682	62.72
734683	62.55
734684	63.57
734685	64.27
734689	64.26
734690	64.7
734691	64.95
734695	64.72
734696	64.53
734697	64.64
734698	64.6
734699	64.83
734703	64.61
734704	64.2
734705	64.49
734706	64.25
734709	63.31
734710	63.09
734711	62.2
734712	61.92
734713	61.49
734716	61.43
734717	60.87
734718	60.73
734719	59.58
734720	60.59
734723	59.29
734724	59.58
734725	58.51
734726	60.21
734731	61.62
734732	61.67
734733	60.86
734734	60.96
734737	61.71
734738	63.02
734739	63.31
734740	62.53
734741	62.57
734744	63.09
734745	63.5
734746	63.68
734747	63.26
734748	62.55
734752	62.38
734753	62.72
734754	62.91
734755	61.84
734758	61.83
734759	61.86
734760	62.34
734761	62.78
734762	64.33
734765	63.81
734766	64.08
734767	63.02
734768	61.17
734769	61.25
734772	62.54
734773	63.26
734774	63.29
734775	63.7
734776	63.18
734779	62.84
734780	63.37
734781	63.22
734782	63.34
734783	63.91
734786	64.8
734787	64.57
734788	64.89
734789	64.65
734793	64.26
734794	64.92
734795	64.75
734796	65.09
734797	66.26
734800	65.37
734801	64.51
734802	64.95
734803	65.12
734804	64.73
734807	63.99
734808	62.71
734809	62.86
734810	63.21
734811	63.03
734814	63.46
734815	64.21
734816	62.72
734817	63.24
734818	63.89
734821	63.05
734822	63.56
734823	63.28
734824	62.94
734825	63.24
734828	61.66
734829	61.69
734830	61.06
734832	61
734835	62.24
734836	62.53
734837	64.57
734838	64.08
734839	64.66
734842	64.84
734843	64.84
734844	65.23
734845	64.47
734846	64.97
734849	64.31
734850	64.73
734851	64.45
734852	64.99
734853	65.14
734856	64.95
734857	65.79
734858	66
734859	66.19
734860	66.67
734864	66.79
734865	66.54
734866	66.97
734867	66.71
734870	66.71
734871	66.83
734872	66.8
734873	66.52
734874	66.36
734877	66.64
734878	66.33
734879	65.68
734880	65.81
734881	65.81
734886	66.03
734887	66.08
734888	66.23
734891	65
734892	64.5
734893	64.74
734894	64.98
734895	64.8
734898	63.21
734899	63.04
734900	63.21
734901	63.32
734902	62.77
734905	63.51
734906	63.7
734907	63.64
734908	64.04
734909	63.88
734912	64.23
734913	64.48
734914	64.55
734915	65.2
734916	64.91
734920	64.42
734921	64.44
734922	66.42
734923	66.71
734926	66.7
734927	67.39
734928	67.62
734929	66.66
734930	66.67
734933	66.95
734934	66.84
734935	66.58
734936	66.9
734937	66.93
734940	66.93
734941	67.9
734942	67.85
734944	67.25
734947	67.21
734948	67.21
734949	67.2
734950	67.52
734951	67.43
734954	67.46
734955	67.15
734956	67.19
734957	67.01
734958	67.21
734961	67.56
734962	67.09
734963	67.26
734964	67.31
734968	66.81
734969	66.35
734970	66.44
734971	66.09
734972	65.81
734975	66.78
734976	67.02
734977	66.75
734978	66.57
734979	67.51
734982	66.65
734983	67
734984	66.89
734985	66.87
734986	64.44
734989	63.64
734990	63.57
734991	63.98
734992	64.51
734993	64.28
734996	64.25
734997	64.16
734998	63.67
734999	64.14
735000	63.68
735003	63.58
735004	63.72
735005	64.29
735006	63.96
735007	63.52
735010	63.39
735011	63.15
735012	62.39
735014	62.49
735018	62.95
735019	62.32
735020	62.25
735021	61.55
735024	61.4
735025	61.16
735026	61.8
735027	62.76
735028	62.75
735031	62.54
735032	62.76
735033	62.57
735034	63.18
735035	62.88
735038	62.29
735039	62.21
735040	60.39
735041	59.75
735042	59.83
735045	59.31
735046	59.27
735047	59.98
735048	60.29
735049	61.25
735052	61.19
735053	61.36
735055	61.45
735056	61.28
735059	61.55
735060	61.73
735061	61.4
735062	63.7
735063	65.09
735066	64.81
735067	65.35
735068	64.82
735069	64.92
735070	64.73
735073	64.39
735074	63.94
735075	64.02
735076	64.76
735080	65.1
735081	64.54
735082	64.01
735083	63.51
735084	65.5
735087	65.81
735088	66.22
735089	66.72
735090	66.73
735091	66.77
735094	66.48
735095	66.73
735096	66.64
735097	67
735098	67
735101	66.75
735102	67.05
735103	66.85
735104	66.68
735105	67.02
735108	67.11
735109	66.99
735110	66.87
735111	66.88
735112	67.19
735116	67.4
735117	67.29
735118	68.24
735119	68.52
735122	68.51
735123	68.26
735124	68.19
735125	68.91
735126	69.16
735129	69.25
735130	69.22
735131	69.26
735132	69.56
735133	69.42
735136	69.76
735137	69.59
735138	69.3
735139	69.3
735140	69.36
735143	69.45
735144	68.79
735145	69.17
735146	69.39
735147	69.63
735150	69.1
735151	68.68
735152	68.14
735153	68
735154	67.94
735157	68.71
735158	69
735159	69.47
735160	69.28
735161	68.57
735164	68.5
735165	67.44
735166	68.08
735167	70.07
735168	69.44
735171	69.44
735173	69.24
735174	69.25
735175	69.19
735178	68.67
735179	68.93
735180	68.06
735181	66.91
735182	67.01
735185	67.08
735186	66.85
735187	66.53
735188	66.32
735189	66.82
735192	67.92
735193	68.3
735194	68.47
735196	69.59
735199	69.48
735200	68.99
735201	69.44
735202	69.5
735203	69.83
735206	69.58
735207	69.31
735208	69.41
735209	69.95
735210	70.29
735213	70.22
735214	70.66
735215	70.76
735216	70.13
735217	69.93
735220	69.93
735221	69.97
735222	69.34
735223	69.82
735224	68.72
735227	68.52
735229	68
735230	67.97
735231	67.15
735234	67.89
735236	69.39
735237	68.95
735238	69.09
735241	68.62
735242	68.51
735243	68.88
735244	69.27
735245	69.22
735248	69.63
735249	69.88
735250	69.34
735251	69.67
735252	69.94
735256	69.95
735257	70.69
735258	70.42
735259	73.25
735262	73.77
735263	75
735264	75.38
735265	75.08
735266	75.16
735269	75.25
735270	75.7
735271	76.15
735272	75.93
735273	76.15
735276	75.75
735277	75.81
735278	75.98
735279	76.56
735280	76.78
735284	77.38
735285	77.08
735286	77.04
735287	76.99
735290	75.92
735291	76.08
735292	76.75
735293	76.18
735294	76.49
735297	76.68
735298	77.05
735299	77.2
735300	76.9
735301	77.18
735304	77.35
735305	77.17
735306	76.8
735307	77.39
735308	76.34
735311	76.16
735312	77.11
735313	77.58
735314	77.21
735315	77.27
735318	76.68
735319	77.4
735320	77.04
735321	76.86
735325	77.7
735326	78.96
735327	78.07
735328	78.54
735329	78.23
735332	78.79
735333	78.26
735334	79.24
735335	79.67
735336	80.08
735339	79.65
735340	80.1
735341	79.17
735342	79.96
735343	81.43
735346	81.4
735347	81.91
735348	77.65
735349	76.58
735350	77.1
735353	77.68
735354	76.77
735355	76.99
735356	77.76
735357	78.19
735360	77.75
735361	77.5
735362	78.44
735363	78.21
735364	78.76
735367	78.59
735368	79.47
735369	80.68
735370	80.2
735371	80.02
735374	79.09
735375	78.8
735376	78.82
735377	78.7
735378	81.88
735382	80.86
735383	78.9
735384	79.09
735385	76.76
735388	77.66
735389	77.37
735390	76.66
735391	76.82
735392	77.75
735395	78.07
735396	78.12
735397	77.6
735398	78.43
735399	78.03
735402	78.96
735403	79.04
735404	77.61
735405	75.25
735406	77.43
735409	76.58
735410	76.69
735411	77.4
735412	77.67
735413	76.99
735416	78.02
735417	78.44
735418	78.57
735420	78.34
735423	78.76
735424	79.57
735425	79.57
735426	80.77
735427	81.55
735430	81.51
735431	80.97
735432	80.09
735433	80.3
735434	80.3
735437	81.37
735438	80.95
735439	80.27
735440	80.41
735441	80.39
735444	80.09
735445	80.44
735446	80.3
735447	81.64
735448	81.29
735451	81.4
735452	81.74
735453	81.96
735454	82.17
735455	81.64
735458	81.62
735459	81.66
735460	81.25
735461	80.48
735462	79.9
735465	79.59
735466	79.53
735467	79.38
735468	79.77
735469	80.01
735472	78.54
735473	77.97
735474	76.85
735475	77.31
735476	77.89
735480	77.75
735481	77.49
735482	77.14
735483	77.15
735486	78.16
735487	77.95
735488	78.27
735489	78.26
735490	79.05
735493	80.16
735494	79.83
735495	80.29
735496	80.12
735497	79.39
735500	79.28
735501	78.62
735502	77.72
735503	78.05
735504	77.21
735507	75.59
735508	76.16
735509	75.93
735510	75.84
735511	76.02
735514	75.65
735515	76.33
735516	76.95
735517	77.89
735518	78.48
735521	78.74
735522	77.6
735523	78.34
735524	79.42
735525	79.41
735528	78.97
735529	80.38
735530	80.91
735531	80.61
735532	80
735535	81.3
735536	82.46
735537	81.52
735538	80.75
735539	81.15
735542	81.33
735543	81.43
735544	82.81
735545	82.32
735546	82.51
735549	82.26
735550	82.8
735551	83.5
735552	84.32
735553	84.84
735556	84.57
735557	84.34
735558	84.69
735559	84.67
735560	84.95
735563	85.41
735564	84.64
735565	84.28
735567	84.22
735570	83.34
735571	83.83
735572	83.35
735573	82.69
735574	84.52
735577	84.78
735578	83.65
735579	84.02
735580	82.3
735581	82.37
735584	81.69
735585	80.91
735586	82.38
735587	81.9
735588	81.84
735591	81.31
735592	81.31
735594	81.76
735595	82.01
735598	82
735599	81.41
735601	80.54
735602	80.45
735605	80.64
735606	81.42
735607	80.24
735608	80.42
735609	80.3
735612	80.01
735613	80.87
735614	80.79
735615	80.56
735616	79.88
735620	80.18
735621	79.23
735622	78.24
735623	79.18
735626	78.47
735627	79.11
735628	77.64
735629	76.87
735630	76.62
735633	75.7
735634	76.09
735635	76.45
735636	76.9
735637	77.31
735640	78.03
735641	78.84
735642	77.49
735643	77.8
735644	79.4
735648	77.97
735649	78.14
735650	77.92
