734290	15.69
734291	15.76
734292	16.15
734293	15.63
734296	15.31
734297	15.44
734298	15.51
734299	16.07
734300	16.09
734303	15.93
734304	16.38
734305	16.23
734306	16.27
734307	16.2
734310	16
734311	15.78
734312	15.8
734313	15.53
734314	16
734317	15.74
734318	14.94
734319	14.91
734320	15.03
734321	14.9
734325	15.06
734326	15.78
734327	15.63
734328	15.87
734331	15.9
734333	15.96
734334	15.98
734335	15.34
734338	15.37
734339	15.69
734340	15.44
734341	16.04
734342	16.31
734345	16.68
734346	16.69
734347	16.47
734348	16.41
734349	16.23
734352	16.28
734353	16.03
734354	16.13
734355	16.22
734356	16.29
734359	16.54
734360	16.5
734361	16.05
734362	16.06
734363	15.98
734366	16.1
734367	16.18
734368	16.26
734369	16.06
734370	15.94
734373	15.84
734374	15.57
734375	15.85
734376	15.77
734377	16.03
734380	15.97
734381	15.68
734382	16.24
734383	16.46
734384	16.48
734388	16.18
734389	16.23
734390	16.31
734391	16.36
734394	16.75
734395	17.08
734396	17.13
734397	17.15
734398	16.98
734401	17.48
734402	17.31
734403	17.13
734404	16.95
734405	17.55
734408	17.65
734409	17.36
734410	17.4
734411	17.67
734412	17.68
734415	17.41
734416	17.97
734417	17.67
734418	17.58
734419	17.74
734422	17.86
734423	17.74
734424	17.65
734425	17.76
734426	17.89
734429	18.02
734430	17.68
734431	17.96
734432	17.96
734433	17.9
734436	18.11
734437	17.91
734438	18.27
734439	18.26
734440	17.59
734443	17.61
734444	17.45
734445	17.44
734446	18.18
734447	18.24
734450	18.2
734451	18.5
734452	18.77
734453	18.62
734454	18.11
734457	18.09
734458	17.62
734459	17.51
734460	17.83
734461	18.09
734464	18.22
734465	17.95
734466	18.27
734468	18.15
734471	17.86
734472	17.64
734473	18.03
734474	18.23
734475	18.25
734478	18.36
734479	18.34
734480	18.65
734481	18.6
734482	18.71
734485	18.76
734486	18.81
734487	18.55
734488	18.29
734489	18.28
734492	18.35
734493	18.39
734494	18.47
734495	18.26
734499	18.48
734500	18.28
734501	18.4
734502	18.55
734503	18.57
734506	18.74
734507	18.61
734508	18.94
734509	19.37
734510	19.19
734513	19.02
734514	19.24
734515	19.15
734516	19.11
734517	19.26
734521	19.29
734522	19.09
734523	19.18
734524	19.31
734527	19.7
734528	19.7
734529	20.14
734530	20.34
734531	19.75
734534	20.28
734535	20.29
734536	20.77
734537	20.68
734538	20.96
734541	21.17
734542	21.38
734543	21.01
734544	21.24
734545	21.4
734548	21.47
734549	21.31
734550	21.48
734551	21.5
734552	21.66
734556	21.11
734558	21
734559	21.72
734562	21.99
734563	21.5
734564	21.64
734565	21.89
734566	21.72
734569	21.61
734570	21.71
734571	21.6
734572	21.15
734573	21.16
734576	20.95
734577	20.79
734578	20.42
734579	20.59
734583	21.33
734584	21.4
734585	21.49
734586	21.72
734587	21.76
734590	21.84
734591	21.19
734592	21.12
734593	20.77
734594	20.77
734597	20.81
734598	20.68
734599	20.99
734600	20.97
734601	20.76
734604	20.83
734605	20.68
734606	20.9
734607	20.95
734608	21.05
734611	21.01
734612	21.17
734613	21.3
734614	21.36
734618	21.33
734619	21.53
734620	21.3
734621	21.45
734622	21.25
734625	21.24
734626	20.95
734627	20.74
734628	20.64
734629	20.72
734632	20.84
734633	21.03
734634	20.87
734635	21
734636	20.7
734639	20.58
734640	20.56
734641	20.67
734642	20.72
734643	20.6
734646	20.25
734647	20.4
734648	20.57
734649	20.4
734650	20.38
734654	20.56
734655	20.23
734656	20.35
734657	19.8
734660	19.8
734661	20.13
734662	19.81
734663	20
734664	19.63
734667	19.76
734668	20.11
734669	19.77
734670	19.64
734671	19.73
734674	19.8
734675	19.97
734676	19.59
734677	19.42
734678	19.23
734681	19.35
734682	19.62
734683	19.91
734684	20.03
734685	20.24
734689	19.34
734690	19.54
734691	19.68
734692	19.77
734695	19.45
734696	19.2
734697	19.14
734698	19
734699	19.09
734702	19.13
734703	19.42
734704	19.22
734705	19.38
734706	19.37
734709	19.24
734710	20.29
734711	19.56
734712	19.36
734713	19.41
734716	19.08
734717	18.48
734718	18.89
734719	17.86
734720	17.84
734723	16.47
734724	16.4
734725	16.41
734726	16.94
734731	17.02
734732	16.89
734733	16.04
734734	15.81
734737	15.91
734738	16.52
734739	16.5
734740	16.09
734741	16.26
734744	16.49
734745	16.46
734746	16.52
734747	16.54
734748	16
734752	15.64
734753	16.16
734754	16.04
734755	15.55
734758	15.79
734759	16.04
734760	16.32
734761	16.49
734762	16.48
734765	16.26
734766	16.23
734767	16.04
734768	15.26
734769	15.1
734772	15.5
734773	15.99
734774	16
734775	15.83
734776	15.29
734779	14.89
734780	15.11
734781	15.13
734782	15.28
734783	15.82
734786	16.38
734787	16.43
734788	16.65
734789	16.46
734793	16.56
734794	17.02
734795	16.54
734796	16.7
734797	17.19
734800	17.58
734801	17.07
734802	17.25
734803	17.99
734804	18.01
734807	17.47
734808	16.96
734809	17.3
734810	17.56
734811	17.36
734814	17.38
734815	17.64
734816	17.02
734817	16.76
734818	17.3
734821	16.94
734822	17.06
734823	16.44
734824	16.18
734825	16.2
734828	16.31
734829	16.45
734830	16.2
734832	16.3
734835	16.69
734836	16.72
734837	17.44
734838	17.43
734839	17.55
734842	17.8
734843	17.85
734844	17.86
734845	17.7
734846	18.18
734849	17.58
734850	17.53
734851	17.37
734852	17.35
734853	17.78
734856	17.55
734857	18.28
734858	18.14
734859	18.31
734860	18.47
734864	18.35
734865	18.18
734866	18.44
734867	18.26
734870	18.26
734871	18.55
734872	18.3
734873	18.39
734874	18.31
734877	18.37
734878	18.6
734879	18.79
734880	18.97
734881	18.83
734886	18.81
734887	19.15
734888	19.05
734891	18.91
734892	19.16
734893	19.21
734894	19.51
734895	19.14
734898	19.07
734899	19.1
734900	19.2
734901	19.18
734902	19.73
734905	19.49
734906	19.7
734907	17.73
734908	17.74
734909	17.58
734912	17.64
734913	17.68
734914	17.63
734915	17.81
734916	17.97
734920	17.71
734921	18.01
734922	17.86
734923	17.88
734926	17.95
734927	17.78
734928	17.47
734929	17.44
734930	17.29
734933	17.14
734934	17.07
734935	17.25
734936	17.38
734937	17.67
734940	17.67
734941	18.11
734942	18.05
734944	18.05
734947	18
734948	17.81
734949	17.61
734950	17.72
734951	17.93
734954	18.23
734955	18.12
734956	17.89
734957	17.87
734958	17.6
734961	18.13
734962	18.06
734963	17.81
734964	17.92
734968	17.65
734969	17.32
734970	17.57
734971	17.81
734972	17.56
734975	17.73
734976	18.03
734977	17.74
734978	18.05
734979	18
734982	17.95
734983	18.06
734984	18.38
734985	18.29
734986	18.57
734989	18.38
734990	18.43
734991	18.07
734992	17.88
734993	17.7
734996	17.6
734997	17.52
734998	17.21
734999	17.28
735000	17.12
735003	17.32
735004	17.17
735005	17.09
735006	16.79
735007	16.54
735010	16.93
735011	16.94
735012	17.04
735014	16.9
735018	17.02
735019	16.63
735020	16.44
735021	15.97
735024	15.94
735025	16.05
735026	16.36
735027	16.56
735028	16.2
735031	16.03
735032	16.27
735033	15.92
735034	16.08
735035	16.24
735038	16.37
735039	16.6
735040	16.93
735041	16.7
735042	16.74
735045	16.4
735046	16.22
735047	16.5
735048	16.43
735049	16.84
735052	16.98
735053	17.13
735055	16.96
735056	16.83
735059	16.9
735060	16.71
735061	16.81
735062	16.47
735063	16.69
735066	16.75
735067	16.89
735068	17.03
735069	16.96
735070	16.76
735073	16.95
735074	17.33
735075	17
735076	17.19
735080	17.56
735081	17.43
735082	17.11
735083	16.99
735084	17.26
735087	17.35
735088	17.6
735089	17.66
735090	17.63
735091	17.65
735094	17.52
735095	17.63
735096	17.59
735097	17.73
735098	17.69
735101	17.82
735102	17.81
735103	17.48
735104	17.36
735105	17.42
735108	17.38
735109	17.33
735110	17.53
735111	17.41
735112	17.61
735116	17.66
735117	17.68
735118	18.08
735119	18.15
735122	18.24
735123	18.33
735124	18.47
735125	18.73
735126	19.11
735129	18.96
735130	18.9
735131	18.69
735132	18.69
735133	18.67
735136	18.62
735137	18.35
735138	18.24
735139	18.42
735140	18.22
735143	18.14
735144	18.22
735145	18.26
735146	18.42
735147	18.46
735150	18.35
735151	18.3
735152	17.98
735153	17.93
735154	17.88
735157	17.83
735158	18.16
735159	18.4
735160	18.34
735161	17.93
735164	18.15
735165	17.97
735166	17.98
735167	17.81
735168	17.93
735171	17.93
735173	12.72
735174	12.27
735175	11.95
735178	12.22
735179	12.41
735180	12.55
735181	12.39
735182	12.35
735185	12.34
735186	12.6
735187	12.67
735188	12.69
735189	12.71
735192	12.74
735193	12.49
735194	12.56
735196	12.8
735199	12.74
735200	12.59
735201	12.7
735202	12.67
735203	12.61
735206	12.62
735207	12.81
735208	12.88
735209	12.93
735210	13
735213	12.97
735214	13.22
735215	13.23
735216	13.25
735217	13.11
735220	13.23
735221	13.41
735222	13.7
735223	13.75
735224	13.59
735227	13.44
735229	13.42
735230	13.7
735231	13.38
735234	13.61
735236	13.76
735237	13.53
735238	14.02
735241	13.67
735242	13.67
735243	13.36
735244	13.85
735245	13.8
735248	13.8
735249	13.69
735250	13.53
735251	13.43
735252	13.41
735256	13.79
735257	13.59
735258	13.48
735259	13.53
735262	14.02
735263	14.06
735264	14.05
735265	14.15
735266	14.23
735269	14.57
735270	14.84
735271	14.78
735272	14.56
735273	14.6
735276	14.66
735277	14.25
735278	14.34
735279	14.17
735280	14.14
735284	14.25
735285	14
735286	13.9
735287	14.02
735290	13.82
735291	14
735292	14.18
735293	14.03
735294	14.26
735297	14.09
735298	14.27
735299	14.43
735300	14.4
735301	14.63
735304	14.57
735305	14.5
735306	14.53
735307	14.55
735308	14.67
735311	14.67
735312	14.57
735313	14.49
735314	14.49
735315	14.64
735318	14.66
735319	14.82
735320	14.88
735321	14.99
735325	14.66
735326	14.84
735327	14.77
735328	14.68
735329	14.32
735332	14.45
735333	14.8
735334	15.01
735335	15.13
735336	15.04
735339	14.83
735340	15
735341	14.65
735342	14.65
735343	14.47
735346	14.47
735347	14.59
735348	14.55
735349	14.68
735350	14.58
735353	14.64
735354	14.82
735355	15.64
735356	15.53
735357	15.64
735360	15.73
735361	15.67
735362	15.79
735363	16.1
735364	15.99
735367	16.21
735368	16.37
735369	16.53
735370	16.42
735371	16.65
735374	16.62
735375	16.61
735376	16.71
735377	16.47
735378	16.45
735382	16.41
735383	16.37
735384	16.46
735385	16.38
735388	16.43
735389	16.36
735390	16.12
735391	16.45
735392	16.65
735395	16.79
735396	16.66
735397	16.54
735398	16.89
735399	17.02
735402	16.94
735403	17.13
735404	16.83
735405	16.48
735406	16.58
735409	16.38
735410	16.53
735411	16.87
735412	16.95
735413	17.11
735416	17.12
735417	16.8
735418	16.92
735420	17.04
735423	17.19
735424	17.21
735425	17.21
735426	17.41
735427	17.47
735430	17.47
735431	17.4
735432	17.43
735433	17.41
735434	17.41
735437	17.32
735438	17.38
735439	17.44
735440	17.16
735441	16.96
735444	16.98
735445	17.75
735446	17.96
735447	18.15
735448	18.31
735451	18.3
735452	18.39
735453	18.31
735454	18.36
735455	18.46
735458	18.45
735459	18.65
735460	18.45
735461	18.2
735462	18.25
735465	17.8
735466	18.05
735467	17.85
735468	18.18
735469	18.3
735472	18.22
735473	17.65
735474	17.79
735475	17.87
735476	17.53
735480	17.53
735481	17.8
735482	18.03
735483	18.06
735486	18.35
735487	18.56
735488	18.9
735489	18.5
735490	18.41
735493	18.74
735494	18.83
735495	18.86
735496	18.84
735497	18.64
735500	18.64
735501	18.72
735502	18.51
735503	18.6
735504	18.64
735507	18.66
735508	18.7
735509	18.69
735510	18.65
735511	18.78
735514	18.5
735515	18.23
735516	17.95
735517	18.38
735518	18.41
735521	18.68
735522	18.52
735523	18.59
735524	18.31
735525	18.66
735528	18.93
735529	19.14
735530	19.25
735531	19.37
735532	19.29
735535	19.3
735536	19.24
735537	16.85
735538	17.02
735539	17.48
735542	17.24
735543	17.27
735544	17.24
735545	17.39
735546	17.21
735549	17.25
735550	17.48
735551	17.51
735552	17.45
735553	16.7
735556	16.72
735557	16.59
735558	16.4
735559	16.66
735560	16.84
735563	16.67
735564	16.79
735565	16.82
735567	16.67
735570	16.69
735571	16.87
735572	16.68
735573	16.44
735574	16.77
735577	16.71
735578	16.81
735579	16.58
735580	16.76
735581	16.37
735584	16.46
735585	16.47
735586	17
735587	16.88
735588	17.01
735591	17.08
735592	17.18
735594	17.24
735595	17.2
735598	17.24
735599	17.25
735601	17.03
735602	16.92
735605	17.06
735606	17.44
735607	17.42
735608	17.06
735609	16.77
735612	16.38
735613	16.52
735614	16.69
735615	16.72
735616	16.45
735620	16.17
735621	16.31
735622	16.12
735623	15.74
735626	15.5
735627	15.9
735628	15.53
735629	15.67
735630	15.4
735633	15.15
735634	15.23
735635	15.21
735636	15.31
735637	15.63
735640	15.64
735641	15.88
735642	16.34
735643	16.12
735644	16.26
735648	16.22
735649	16.05
735650	15.99
