734286	22.21
734290	21.6
734291	21.58
734292	22.26
734293	21.8
734296	21.17
734297	21.26
734298	20.9
734299	21.81
734300	22.25
734303	22.26
734304	22.72
734305	22.69
734306	22.45
734307	22.15
734310	22.01
734311	21.69
734312	21.8
734313	21.13
734314	21.32
734317	21.61
734318	21.05
734319	20.71
734320	20.59
734321	20.49
734325	20.39
734326	21.04
734327	21.1
734328	21.24
734331	21.12
734332	21.23
734333	21.38
734334	21.04
734335	20.84
734338	20.96
734339	21.33
734340	21.38
734341	22.05
734342	20.98
734345	21.1
734346	21.29
734347	21.13
734348	21.53
734349	21.22
734352	21.67
734353	21.24
734354	21.53
734355	21.73
734356	21.35
734359	21.6
734360	21.45
734361	20.75
734362	20.61
734363	20.43
734366	20.17
734367	20.74
734368	20.72
734369	20.27
734370	20.49
734373	20.89
734374	20.34
734375	20.43
734376	20.73
734377	21.13
734380	20.92
734381	20.85
734382	21.48
734383	21.53
734384	22.19
734388	21.87
734389	21.89
734390	22.15
734391	22.23
734394	22.78
734395	22.81
734396	23
734397	22.9
734398	22.96
734401	23.32
734402	23.23
734403	22.9
734404	22.5
734405	23.02
734408	22.9
734409	22.96
734410	22.81
734411	22.76
734412	23.06
734415	23.05
734416	23.26
734417	23.04
734418	23.13
734419	23.13
734422	23.25
734423	23.4
734424	23.8
734425	23.64
734426	23.74
734429	23.92
734430	23.71
734431	24.19
734432	24.31
734433	24.11
734436	24.14
734437	24.07
734438	24.01
734439	24.48
734440	24.91
734443	24.78
734444	24.76
734445	24.83
734446	24.94
734447	25.46
734450	25.39
734451	24.56
734452	24.58
734453	24.27
734454	24.16
734457	24.34
734458	23.59
734459	23.92
734460	24.02
734461	24
734464	23.81
734465	23.65
734466	24.08
734468	23.97
734471	23.93
734472	23.71
734473	24.09
734474	24.84
734475	24.74
734478	24.81
734479	24.76
734480	25.31
734481	25.76
734482	25.94
734485	26.04
734486	26.39
734487	26.39
734488	26.49
734489	26.56
734492	26.47
734493	26.83
734494	26.81
734495	26.23
734499	26.3
734500	26.1
734501	26.22
734503	26.17
734506	26.1
734507	26.03
734508	26.7
734509	26.79
734510	26.48
734513	26.53
734514	26.6
734515	26.85
734516	26.85
734517	26.75
734521	26.75
734522	26.44
734523	26.4
734524	26.55
734527	26.6
734528	27.13
734529	27.22
734530	28
734531	27.42
734534	27.08
734535	26.88
734536	26.64
734537	26.81
734538	26.71
734541	26.68
734542	27.06
734544	27.22
734545	27.32
734548	27.52
734549	27.58
734550	27.8
734551	27.79
734552	27.95
734556	27.34
734558	27.29
734559	27.36
734562	27.56
734563	27.56
734564	27.01
734565	27.75
734566	27.75
734569	27
734570	27.4
734571	27.62
734572	26.45
734573	26.54
734576	26.16
734577	25.71
734578	25.41
734579	25.4
734583	26.23
734584	26.1
734585	26.19
734586	26.45
734587	26.46
734590	26.23
734591	26.47
734592	26.77
734593	26.75
734594	26.97
734597	26.66
734598	26.66
734599	26.56
734600	26.39
734601	26.45
734604	26.74
734605	26.21
734606	26.17
734607	26.15
734608	26.19
734611	25.86
734612	25.76
734613	26.15
734614	26.16
734618	26
734619	26.47
734620	26.2
734621	26.52
734622	25.78
734625	25.7
734626	26
734627	26.12
734628	25.75
734629	25.9
734632	26.62
734633	26.46
734634	26.25
734635	26.5
734636	26.14
734639	26.27
734640	25.97
734641	26.04
734642	26.12
734643	25.84
734646	25.38
734647	25.2
734648	24.96
734649	24.99
734650	25.33
734654	25.63
734655	24.62
734656	24.78
734657	24.32
734660	24.32
734661	24.04
734662	23.98
734663	24.22
734664	24.14
734667	24.08
734668	24.51
734669	24.05
734670	24.18
734671	24.41
734674	24.6
734675	24.85
734676	24.08
734677	23.89
734678	23.62
734681	23.88
734682	23.91
734683	24.39
734684	23.84
734685	24.26
734689	24.07
734690	24.05
734691	24.53
734692	24
734695	23.34
734696	23.6
734697	23.1
734698	22.9
734699	22.6
734702	21.99
734703	22.04
734704	22.17
734705	22.18
734706	22.18
734709	21.99
734710	21.89
734711	21.29
734712	21.33
734713	21.37
734716	21.18
734717	20.67
734718	20.77
734719	19.67
734720	19.53
734723	18.63
734724	18.64
734725	16.91
734726	17.42
734731	17.62
734732	17.27
734733	16.58
734734	16.39
734737	16.29
734738	16.76
734739	17.14
734740	16.64
734741	17.17
734744	18.12
734745	17.9
734746	17.71
734747	17.35
734748	16.5
734752	16.48
734753	17.07
734754	16.68
734755	16.36
734758	16.65
734759	16.76
734760	17.32
734761	17.66
734762	17.75
734765	17.1
734766	17.12
734767	16.79
734768	16.96
734769	17.29
734772	18.47
734773	18.59
734774	18.04
734775	18.32
734776	17.53
734779	16.66
734780	17.35
734781	17.73
734782	17.95
734783	17.56
734786	18.15
734787	17.72
734788	17.93
734789	17.75
734793	17.74
734794	18.11
734795	17.78
734796	18.12
734797	19.17
734800	19.6
734801	18.95
734802	19.28
734803	20.44
734804	20.25
734807	19.54
734808	18.54
734809	18.93
734810	19.58
734811	18.9
734814	18.88
734815	18.62
734816	17.53
734817	17.49
734818	17.32
734821	16.91
734822	17.16
734823	16.71
734824	16.39
734825	16.45
734828	15.89
734829	15.36
734830	15.11
734832	15.12
734835	15.59
734836	15.09
734837	15.87
734838	15.53
734839	15.6
734842	15.35
734843	16.07
734844	15.96
734845	15.44
734846	15.62
734849	15.2
734850	15.02
734851	14.8
734852	14.84
734853	14.73
734856	14.38
734857	14.59
734858	14.55
734859	14.77
734860	15
734864	14.76
734865	14.49
734866	15.13
734867	15.15
734870	15.15
734871	15.83
734872	16.28
734873	16.53
734874	17.13
734877	17.25
734878	17.38
734879	17.38
734880	17.66
734881	17.26
734886	17.93
734887	18.27
734888	18.43
734891	18.58
734892	18.65
734893	18.43
734894	18.54
734895	18.71
734898	17.19
734899	17.08
734900	17.53
734901	18.26
734902	18.92
734905	18.65
734906	18.03
734907	17.77
734908	17.71
734909	17.75
734912	17.88
734913	18.26
734914	18.11
734915	18.41
734916	18.83
734920	18.99
734921	19.47
734922	20.62
734923	20.05
734926	19.99
734927	20.36
734928	20.49
734929	20.68
734930	20.35
734933	19.97
734934	19.44
734935	19.48
734936	19.87
734937	20.53
734940	20.53
734941	21.86
734942	21.57
734944	22.8
734947	23.39
734948	23.03
734949	23.2
734950	23.03
734951	22.81
734954	23.45
734955	23.23
734956	23.12
734957	22.63
734958	22.41
734961	22.89
734962	22.84
734963	22.65
734964	22.69
734968	22.42
734969	20.89
734970	21.31
734971	21.46
734972	20.62
734975	20.73
734976	21.13
734977	20.71
734978	20.59
734979	20.61
734982	20.47
734983	20.64
734984	21.09
734985	21.38
734986	21.67
734989	22.08
734990	22.35
734991	22.2
734992	22.32
734993	21.86
734996	21.39
734997	21.28
734998	21.63
734999	21.19
735000	21.4
735003	21.41
735004	20.68
735005	20.7
735006	20.09
735007	19.69
735010	20.04
735011	19.86
735012	19.6
735014	19.81
735018	20.36
735019	20.08
735020	20.23
735021	18.96
735024	18.75
735025	19.2
735026	20.43
735027	19.85
735028	20.1
735031	19.81
735032	20.8
735033	20.98
735034	21.59
735035	21.76
735038	21.86
735039	21.92
735040	21.82
735041	21.07
735042	21.11
735045	20.81
735046	20.67
735047	20.73
735048	20.94
735049	21.85
735052	22.06
735053	21.99
735055	21.65
735056	21.53
735059	21.33
735060	21.63
735061	21.73
735062	21.74
735063	22.26
735066	22.03
735067	22.18
735068	22.11
735069	21.26
735070	20.71
735073	20.44
735074	19.58
735075	19.76
735076	20.02
735080	19.99
735081	20.11
735082	20
735083	19.74
735084	20.41
735087	20.22
735088	20.49
735089	20.41
735090	20.46
735091	20.51
735094	20.3
735095	20.1
735096	20.19
735097	20.36
735098	20.21
735101	19.81
735102	20.26
735103	20.62
735104	21.51
735105	21.57
735108	21.16
735109	21.5
735110	21.5
735111	21.26
735112	21.22
735116	21.18
735117	21.28
735118	21.58
735119	21.66
735122	20.92
735123	21.03
735124	21.63
735125	21.71
735126	21.75
735129	21.56
735130	21.78
735131	21.85
735132	22
735133	21.87
735136	21.47
735137	21.3
735138	21.13
735139	21.17
735140	20.69
735143	20.78
735144	20.63
735145	20.65
735146	21.12
735147	20.92
735150	20.78
735151	20.6
735152	20.63
735153	20.59
735154	20.44
735157	20.77
735158	21.07
735159	21.52
735160	21.38
735161	20.97
735164	20.77
735165	20.39
735166	20.62
735167	20.69
735168	22.03
735171	22.03
735173	23.24
735174	22.67
735175	22.23
735178	22.15
735179	20.61
735180	20.03
735181	19.83
735182	19.7
735185	19.58
735186	19.34
735187	18.43
735188	18.81
735189	18.99
735192	19.39
735193	19.47
735194	19.45
735196	19.67
735199	19.8
735200	19.68
735201	19.84
735202	19.75
735203	19.85
735206	20.17
735207	19.87
735208	20.04
735209	20.22
735210	20.28
735213	19.8
735214	20.28
735215	20.32
735216	19.87
735217	19.67
735220	20.02
735221	20.49
735222	20.45
735223	20.66
735224	20.23
735227	20.5
735229	20.35
735230	19.94
735231	19.84
735234	20.23
735236	21.13
735237	21.52
735238	22.55
735241	21.95
735242	21.73
735243	21.67
735244	21.83
735245	22
735248	22.07
735249	22.15
735250	22.1
735251	22.39
735252	22.61
735256	22.91
735257	23.01
735258	22.92
735259	23.1
735262	23.18
735263	23.77
735264	23.7
735265	23.67
735266	23.66
735269	23.53
735270	23.74
735271	24.07
735272	23.71
735273	23.72
735276	24.42
735277	24.44
735278	24.68
735279	24.78
735280	24.87
735284	24.83
735285	24.28
735286	23.65
735287	23.55
735290	23.21
735291	23.01
735292	23.22
735293	23.22
735294	22.97
735297	23.38
735298	23.61
735299	23.95
735300	24.15
735301	24.37
735304	24.64
735305	24.51
735306	24.59
735307	24.68
735308	24.39
735311	24.41
735312	24.3
735313	24.79
735314	24.32
735315	24.42
735318	24.42
735319	24.56
735320	24.18
735321	23.66
735325	23.42
735326	23.6
735327	23
735328	23.31
735329	23.17
735332	23.65
735333	23.67
735334	24.13
735335	24.19
735336	24.02
735339	22.94
735340	23.3
735341	22.63
735342	22.5
735343	22.62
735346	22.55
735347	23.21
735348	23.28
735349	23.45
735350	22.77
735353	22.99
735354	22.9
735355	22.23
735356	22.59
735357	23.13
735360	22.87
735361	22.8
735362	23.81
735363	23.55
735364	24.09
735367	24.66
735368	25.25
735369	25.89
735370	26.1
735371	27.18
735374	27.17
735375	27.36
735376	26.54
735377	26.68
735378	26.64
735382	27.43
735383	27.6
735384	28.01
735385	27.67
735388	27.16
735389	27.59
735390	27.55
735391	28.33
735392	28.97
735395	28.3
735396	27.83
735397	27.44
735398	27.87
735399	27.48
735402	28.04
735403	28.18
735404	27.86
735405	27.3
735406	26.61
735409	26.15
735410	26.79
735411	27.11
735412	27.68
735413	27.41
735416	27.86
735417	27.66
735418	27.52
735420	28.12
735423	28.4
735424	29.17
735425	29.17
735426	29.49
735427	29.8
735430	29.76
735431	29.8
735432	29.62
735433	30.21
735434	30.21
735437	30.37
735438	30.52
735439	30.33
735440	30.09
735441	29.43
735444	28.89
735445	29.03
735446	29.03
735447	29.55
735448	29.38
735451	29.13
735452	28.8
735453	28.53
735454	28.66
735455	29
735458	28.75
735459	28.99
735460	28.75
735461	28.43
735462	28.1
735465	27.56
735466	27.93
735467	27.78
735468	28.25
735469	28.27
735472	28.22
735473	27.44
735474	27.34
735475	27.6
735476	27.16
735480	27.06
735481	27.18
735482	27.35
735483	27.28
735486	27.48
735487	28.12
735488	28.13
735489	28.08
735490	28.2
735493	28.01
735494	28.23
735495	27.82
735496	27.5
735497	27.39
735500	27.15
735501	27.05
735502	27.46
735503	27.48
735504	27.35
735507	27.16
735508	27.05
735509	26.83
735510	26.59
735511	26.88
735514	26.58
735515	26.1
735516	26.4
735517	27.14
735518	27.62
735521	27.59
735522	27.23
735523	27.69
735524	28.02
735525	28.11
735528	28.24
735529	28.12
735530	28.01
735531	28.67
735532	28.86
735535	27.99
735536	27.92
735537	27.6
735538	27.12
735539	27.16
735542	27.29
735543	27.13
735544	26.93
735545	26.61
735546	27.43
735549	27.68
735550	27.66
735551	27.75
735552	28.68
735553	28.32
735556	28.02
735557	27.38
735558	27.27
735559	27.38
735560	27.4
735563	27.25
735564	27.28
735565	27.19
735567	27.29
735570	27.1
735571	26.93
735572	26.55
735573	26.33
735574	26.36
735577	26.72
735578	26.26
735579	25.66
735580	25.78
735581	26.15
735584	27.2
735585	27.29
735586	28.07
735587	28.28
735588	28.21
735591	28.36
735592	28.34
735594	28.52
735595	28.51
735598	28.47
735599	28.8
735601	28.28
735602	29.17
735605	29.13
735606	29.53
735607	29.29
735608	29.63
735609	29.66
735612	28.71
735613	28.35
735614	28.55
735615	28.7
735616	28.56
735620	28.81
735621	28.89
735622	28.25
735623	27.53
735626	27.31
735627	27.62
735628	27
735629	27.37
735630	26.89
735633	25.73
735634	26.72
735635	26.14
735636	26.28
735637	26.51
735640	26.94
735641	27.27
735642	27.24
735643	27.45
735644	27.4
735648	27.39
735649	26.86
735650	27.12
