734290	41.54
734291	41.81
734292	42.19
734293	41.37
734296	41.28
734297	40.98
734298	40.47
734299	41.08
734300	41.41
734303	41.46
734304	42.36
734305	42.54
734306	42.58
734307	42.01
734310	42.36
734311	41.66
734312	41.32
734313	41.13
734314	41.79
734317	42.19
734318	41.21
734319	40.64
734320	41.14
734321	41.65
734325	41.79
734326	42.79
734327	43.39
734328	43.91
734331	43.71
734332	43.75
734333	43.25
734334	42.61
734335	42.45
734338	42.61
734339	42.71
734340	41.8
734341	43.25
734342	43.99
734345	44.72
734346	44.8
734347	44.12
734348	43.7
734349	43.77
734352	44.77
734353	44.42
734354	45.01
734355	45.02
734356	45.13
734359	45.35
734360	46.32
734361	45.62
734362	45.8
734363	45.71
734366	45.47
734367	45.91
734368	45.83
734369	44.99
734370	44.57
734373	44.77
734374	44
734375	44.16
734376	43.45
734377	43.75
734380	43.2
734381	42.55
734382	43.47
734383	44
734384	44.23
734388	44.38
734389	42.97
734390	42.82
734391	43.07
734394	43.27
734395	44.06
734396	45.09
734397	44.98
734398	44.99
734401	45.74
734402	47.4
734403	47.91
734404	47.64
734405	48.02
734408	47.79
734409	47.95
734410	47.62
734411	47.71
734412	47.65
734415	47.58
734416	48.33
734417	48.56
734418	48.78
734419	49.16
734422	49.35
734423	49.42
734424	49.39
734425	49.47
734426	48.76
734429	49
734430	48.6
734431	49.39
734432	51.07
734433	51.12
734436	50.43
734437	51
734438	50.8
734439	50.97
734440	50.93
734443	50.62
734444	50.84
734445	50.7
734446	51.47
734447	51.52
734450	51.46
734451	51.67
734452	51.9
734453	51.98
734454	51.46
734457	51.44
734458	50.32
734459	50.55
734460	51.09
734461	51.39
734464	50.52
734465	49.51
734466	50
734468	49.75
734471	49.63
734472	48.55
734473	49.34
734474	49.66
734475	49.84
734478	49.49
734479	49.43
734480	49.5
734481	49.78
734482	50.27
734485	50.36
734486	51.8
734487	51.8
734488	51.97
734489	51.27
734492	50.78
734493	50.14
734494	50.64
734495	51.09
734499	50.95
734500	51.09
734501	50.91
734502	50.72
734503	50.62
734506	50.55
734507	50.09
734508	50.69
734509	50.25
734510	49.41
734513	49.21
734514	49.63
734515	50.97
734516	50.35
734517	50.31
734521	50.81
734522	50.3
734523	50.55
734524	49.49
734527	49.67
734528	50.98
734529	50.9
734530	48.98
734531	48.6
734534	48.49
734535	48.66
734536	48.5
734537	48.38
734538	48.52
734541	48.85
734542	49.1
734543	49.84
734544	49.8
734545	51.68
734548	51.71
734549	51.61
734550	52.38
734551	52.55
734552	53.03
734556	52.3
734558	51.68
734559	52.42
734562	53.15
734563	52.19
734564	51.99
734565	53.91
734566	53.8
734569	53.11
734570	53.05
734571	53.08
734572	52.11
734573	52.6
734576	52.13
734577	51.24
734578	50.22
734579	51.05
734583	52.68
734584	52.66
734585	52.42
734586	53.09
734587	52.92
734590	53.3
734591	53.12
734592	53.04
734593	53.77
734594	53.91
734597	54.3
734598	53.65
734599	53.78
734600	53.55
734601	53.73
734604	54.28
734605	54.32
734606	54.14
734607	53.77
734608	54.96
734611	54
734612	53.75
734613	54.52
734614	56.59
734618	56.03
734619	56.94
734620	57.07
734621	57.33
734622	56.9
734625	57.61
734626	58.06
734627	58.04
734628	57.29
734629	57.79
734632	58.92
734633	59.05
734634	58.69
734635	59.37
734636	59.23
734639	59.7
734640	59.58
734641	60.26
734642	60.22
734643	60.33
734646	59.05
734647	59.45
734648	59.03
734649	59.27
734650	59.11
734654	59.52
734655	58.7
734656	58.65
734657	57.94
734660	57.94
734661	58.14
734662	57.8
734663	58.9
734664	57.61
734667	58.03
734668	58.69
734669	58.08
734670	58.01
734671	58.34
734674	59.93
734675	59.8
734676	59.66
734677	58.99
734678	58.5
734681	58.93
734682	58.83
734683	59.48
734684	59.69
734685	60.23
734689	60.17
734690	60.69
734691	61.06
734692	60.92
734695	59.88
734696	60.21
734697	60.58
734698	60.99
734699	60.8
734702	60.31
734703	61.41
734704	60.83
734705	62.41
734706	61.79
734709	61.35
734710	60.65
734711	59.23
734712	58.7
734713	58.17
734716	57.21
734717	55.92
734718	55.66
734719	53.46
734720	53.59
734723	50.31
734724	50.99
734725	50.49
734726	51.87
734731	53.69
734732	53.76
734733	51.99
734734	51.64
734737	51.84
734738	53.83
734739	54.24
734740	52.84
734741	53.73
734744	55.28
734745	55.43
734746	55.98
734747	55.37
734748	54.12
734752	54.07
734753	55.56
734754	54.84
734755	53.16
734758	53.3
734759	53.59
734760	55.1
734761	56.06
734762	56.67
734765	55.7
734766	56.43
734767	54.56
734768	52.91
734769	53.47
734772	54.33
734773	55.87
734774	56.02
734775	56.21
734776	56.14
734779	53.68
734780	54
734781	54.21
734782	54.45
734783	55.65
734786	57.05
734787	56.11
734788	54.4
734789	55.4
734793	54.72
734794	55.72
734795	55.01
734796	53.86
734797	54.81
734800	55.37
734801	54.16
734802	55
734803	55.26
734804	55.17
734807	54.98
734808	53.52
734809	54.57
734810	55
734811	53.69
734814	54.48
734815	54.51
734816	53.11
734817	53.67
734818	54.66
734821	53.97
734822	54.57
734823	53.93
734824	51.36
734825	50.42
734828	49.1
734829	48.69
734830	47.83
734832	47.72
734835	49.03
734836	49.42
734837	51.66
734838	52.13
734839	51.46
734842	51.61
734843	51.69
734844	50.74
734845	49.48
734846	50.37
734849	49.76
734850	49.3
734851	48.41
734852	48.36
734853	48.08
734856	47.65
734857	48.97
734858	49.47
734859	49.76
734860	50.05
734864	49.52
734865	49.37
734866	49.79
734867	49.48
734870	49.48
734871	50.54
734872	49.66
734873	49.66
734874	50.14
734877	49.74
734878	50.18
734879	50.86
734880	51.79
734881	51.3
734886	51.75
734887	52.62
734888	52.68
734891	52.78
734892	53.61
734893	53.91
734894	54.37
734895	55.65
734898	55.3
734899	55.48
734900	56.35
734901	56.54
734902	57.04
734905	57.11
734906	57.02
734907	57.07
734908	56.8
734909	56.84
734912	57.04
734913	56.99
734914	56.84
734915	56.78
734916	56.97
734920	56.64
734921	56.64
734922	56.59
734923	57.64
734926	57.95
734927	58.22
734928	58.13
734929	58.3
734930	57.98
734933	57.84
734934	57.48
734935	57.46
734936	59
734937	58.89
734940	58.89
734941	59.74
734942	59.59
734944	59.81
734947	59.55
734948	59.52
734949	59.4
734950	59.24
734951	59.31
734954	59.95
734955	60.26
734956	59.59
734957	59.52
734958	59.78
734961	60.25
734962	60.27
734963	59.76
734964	59.57
734968	58.47
734969	57.67
734970	58.13
734971	58.71
734972	58.03
734975	54.1
734976	54.64
734977	54.39
734978	54.18
734979	54.17
734982	54.12
734983	54.76
734984	54.95
734985	54.69
734986	55.09
734989	55.41
734990	55.68
734991	55.46
734992	55.4
734993	54.65
734996	54.78
734997	54.82
734998	54.26
734999	54.42
735000	54.08
735003	53.46
735004	53.23
735005	52.82
735006	52.21
735010	52.13
735011	51.96
735012	51.93
735014	51.99
735018	51.57
735019	51.36
735020	50.69
735021	50.17
735024	50.06
735025	50.23
735026	50.36
735027	50.48
735028	50.62
735031	50.09
735032	50.39
735033	49.8
735034	49.03
735035	49.3
735038	49.92
735039	51.54
735040	51.73
735041	51.48
735042	51.87
735045	51.39
735046	51.24
735047	52.09
735048	51.58
735049	53.15
735052	53.86
735053	54.22
735055	54.01
735056	53.58
735059	54.1
735060	53.8
735061	53.97
735062	53.86
735063	54.53
735066	54.75
735067	55.68
735068	56.17
735069	56.44
735070	56.21
735073	55.46
735074	54.68
735075	56.83
735076	57.52
735080	58.97
735081	58.51
735082	58.63
735083	57.95
735084	58.93
735087	58.66
735088	59.11
735089	58.75
735090	58.78
735091	58.84
735094	58.74
735095	59.1
735096	59.44
735097	58.92
735098	58.9
735101	58.81
735102	59.09
735103	58.32
735104	58.27
735105	58.75
735108	58.86
735109	58.63
735110	58.61
735111	58.45
735112	58.68
735116	58.9
735117	58.08
735118	59.04
735119	59.18
735122	59.33
735123	59.7
735124	60.31
735125	60.77
735126	60.48
735129	61
735130	60.96
735131	60.8
735132	61
735133	61.01
735136	61.15
735137	60.83
735138	59.83
735139	60.23
735140	60.27
735143	60.09
735144	60.47
735145	61.17
735146	61.75
735147	61.93
735150	61.82
735151	60.44
735152	60.85
735153	60.96
735154	60.69
735157	60.93
735158	61.53
735159	61.92
735160	62.59
735161	61.92
735164	61.98
735165	61.05
735166	61.23
735167	61.42
735168	61.16
735171	61.16
735173	62.63
735174	63.61
735175	64.75
735178	65.24
735179	66.08
735180	65.54
735181	64.59
735182	64.27
735185	65.06
735186	65.95
735187	65.04
735188	65.9
735189	66.02
735192	66.49
735193	66.3
735194	66.12
735196	68.81
735199	66.84
735200	65.81
735201	65.99
735202	65.96
735203	66.27
735206	65.8
735207	65.22
735208	64.47
735209	64.43
735210	65.07
735213	65.49
735214	65.68
735215	65.82
735216	65.66
735217	65.95
735220	66.33
735221	66.95
735222	66.4
735223	67.8
735224	67.25
735227	66.97
735229	66.19
735230	66.53
735231	65.59
735234	66.66
735236	67.65
735237	67.78
735238	68.43
735241	68.5
735242	68.43
735243	68.39
735244	68.43
735245	68.95
735248	68.03
735249	67.04
735250	66.52
735251	67.19
735252	67.05
735256	66.95
735257	66.59
735258	67.78
735259	68
735262	67.43
735263	67.35
735264	67.8
735265	67.9
735266	67.84
735269	68.31
735270	68.95
735271	69.27
735272	68.62
735273	68.53
735276	69
735277	68.73
735278	68.68
735279	68.15
735280	68.17
735284	68.32
735285	67.54
735286	66.42
735287	67
735290	67.1
735291	66.77
735292	67.31
735293	67.6
735294	68.9
735297	69.18
735298	70.24
735299	69.97
735300	69.29
735301	69.89
735304	69.97
735305	69.28
735306	69.63
735307	70.06
735308	69.41
735311	68.9
735312	69.37
735313	69.92
735314	70.06
735315	70.94
735318	70.8
735319	71.46
735320	71.99
735321	72.39
735325	72.3
735326	72.21
735327	71.43
735328	71.12
735329	70.5
735332	70.11
735333	70.53
735334	71.43
735335	71.87
735336	71.78
735339	70.42
735340	70.9
735341	70.31
735342	69.54
735343	69.09
735346	69.13
735347	69.8
735348	69.6
735349	69.09
735350	69.49
735353	70.56
735354	69.68
735355	68.91
735356	70.7
735357	70.25
735360	70.31
735361	67.84
735362	71.27
735363	70.99
735364	70.76
735367	70.46
735368	70.49
735369	70.55
735370	71.85
735371	72.94
735374	72.94
735375	73.04
735376	72.3
735377	72.15
735378	71.51
735382	72.31
735383	71.34
735384	72
735385	70.33
735388	70.44
735389	69.78
735390	68.83
735391	69.52
735392	69.97
735395	70.24
735396	69.77
735397	69.75
735398	70.75
735399	70.6
735402	70.73
735403	70.88
735404	69.66
735405	68.1
735406	69.96
735409	69.47
735410	69.5
735411	69.74
735412	69.7
735413	69.27
735416	70.06
735417	69.67
735418	69.4
735420	69.88
735423	71.07
735424	71.45
735425	71.45
735426	72.62
735427	72.5
735430	72.68
735431	72.83
735432	73.06
735433	73.1
735434	73.1
735437	74.04
735438	74.29
735439	73.62
735440	72.81
735441	73.02
735444	72.83
735445	73.54
735446	73.04
735447	72.2
735448	70.44
735451	71.11
735452	72.02
735453	71.64
735454	73.16
735455	73.79
735458	73.67
735459	73.83
735460	73.47
735461	72.33
735462	71.12
735465	71.38
735466	71.35
735467	71.03
735468	71.42
735469	71.94
735472	71.74
735473	70.6
735474	70.72
735475	70.16
735476	69.56
735480	69.54
735481	69.7
735482	69.78
735483	70.01
735486	70.7
735487	71.43
735488	72.24
735489	71.63
735490	71.78
735493	71.92
735494	71.58
735495	71.7
735496	72.2
735497	71.58
735500	71.84
735501	71.26
735502	66.7
735503	66.35
735504	66.38
735507	65.69
735508	65.58
735509	63.89
735510	64.46
735511	65.01
735514	64.84
735515	64.41
735516	65
735517	65.96
735518	66
735521	66.48
735522	66.28
735523	67.56
735524	67.24
735525	66
735528	65.25
735529	65.3
735530	65.26
735531	65.44
735532	65.49
735535	66.75
735536	66.62
735537	65.99
735538	65.87
735539	65.75
735542	66.04
735543	65.13
735544	65.38
735545	65.22
735546	65.13
735549	65.22
735550	65.9
735551	66.37
735552	67.6
735553	68.66
735556	68.82
735557	69.12
735558	69.04
735559	68.41
735560	67.78
735563	67.69
735564	67.84
735565	68.22
735567	68.45
735570	68.17
735571	67.35
735572	66.77
735573	66.7
735574	67.39
735577	67.79
735578	67.26
735579	66.97
735580	66.55
735581	66.27
735584	66.14
735585	65.55
735586	67.24
735587	67.06
735588	68.39
735591	68.9
735592	69.06
735594	69.32
735595	69.47
735598	69.25
735599	69.55
735601	69.19
735602	69.3
735605	69.42
735606	69.79
735607	70.02
735608	70.21
735609	70.01
735612	70.1
735613	69.66
735614	69.83
735615	70.06
735616	69.93
735620	69.56
735621	69.74
735622	69
735623	67.64
735626	67.88
735627	68.5
735628	68.4
735629	69.27
735630	68.3
735633	66.55
735634	66.95
735635	67.3
735636	67.09
735637	67.9
735640	68.3
735641	69.45
735642	69.12
735643	69.26
735644	69.08
735648	69.29
735649	69.12
735650	69.35
