734290	5.97
734291	6.11
734292	6.03
734293	5.74
734296	5.59
734297	5.52
734298	5.44
734299	5.57
734300	5.77
734303	5.82
734304	6.11
734305	6.1
734306	6.11
734307	6.33
734310	6.18
734311	6.02
734312	6.04
734313	5.96
734314	6.11
734317	6.05
734318	5.77
734319	5.8
734320	5.9
734321	6.14
734325	6.03
734326	6.28
734327	6.38
734328	6.46
734331	6.45
734332	6.5
734333	6.52
734334	6.59
734335	6.11
734338	6.11
734339	6.27
734340	5.97
734341	5.93
734342	5.95
734345	5.95
734346	5.9
734347	5.69
734348	5.6
734349	5.6
734352	5.54
734353	5.55
734354	5.75
734355	5.69
734356	5.8
734359	5.88
734360	5.84
734361	5.57
734362	5.52
734363	5.48
734366	5.47
734367	5.8
734368	5.95
734369	5.84
734370	5.69
734373	5.63
734374	5.49
734375	5.45
734376	5.4
734377	5.49
734380	5.4
734381	5.19
734382	5.13
734383	5.31
734384	5.35
734388	5.21
734389	5.15
734390	5.3
734391	5.33
734394	5.24
734395	5.33
734396	5.39
734397	5.45
734398	5.42
734401	5.54
734402	5.59
734403	5.62
734404	5.53
734405	5.75
734408	5.73
734409	6.18
734410	6.11
734411	6.13
734412	6.07
734415	6.08
734416	6.24
734417	6.14
734418	6.16
734419	6.13
734422	6.13
734423	6.13
734424	6.21
734425	6.16
734426	6.15
734429	6.2
734430	5.97
734431	6.3
734432	6.34
734433	6.3
734436	6.31
734437	6.29
734438	6.31
734439	6.38
734440	6.39
734443	6.32
734444	6.44
734445	6.46
734446	6.49
734447	6.92
734450	6.79
734451	6.69
734452	6.84
734453	6.85
734454	6.74
734457	6.69
734458	6.52
734459	6.56
734460	6.56
734461	6.77
734464	6.66
734465	6.57
734466	6.73
734468	6.58
734471	6.5
734472	6.42
734473	6.52
734474	6.67
734475	6.83
734478	6.68
734479	6.62
734480	6.67
734481	6.87
734482	7.11
734485	7.09
734486	7.04
734487	6.97
734488	7.22
734489	7.65
734492	7.82
734493	7.85
734494	7.71
734495	7.7
734499	7.7
734500	7.82
734501	7.76
734502	7.72
734503	7.57
734506	7.6
734507	7.48
734508	7.53
734509	7.41
734510	7.28
734513	7.39
734514	7.47
734515	7.44
734516	7.47
734517	7.53
734521	7.33
734522	7.15
734523	7.27
734524	7.16
734527	7.14
734528	7.03
734529	7.15
734530	7.16
734531	6.99
734534	6.98
734535	7.13
734536	6.85
734537	6.97
734538	6.99
734541	6.95
734542	6.95
734543	6.88
734544	6.91
734545	6.88
734548	6.97
734549	6.97
734550	7.1
734551	7.4
734552	7.54
734556	7.28
734558	7.02
734559	7.18
734562	7.16
734563	7.52
734564	7.37
734565	7.56
734566	7.53
734569	7.47
734570	7.63
734571	7.78
734572	7.44
734573	7.51
734576	7.3
734577	7.08
734578	6.93
734579	7.12
734583	7.27
734584	6.98
734585	7
734586	7.1
734587	7.21
734590	7.28
734591	7.31
734592	7.41
734593	7.19
734594	7.3
734597	7.23
734598	7.06
734599	7.23
734600	7.42
734601	7.35
734604	7.22
734605	7.1
734606	6.98
734607	7.13
734608	7.08
734611	6.98
734612	7.03
734613	7.08
734614	7.16
734618	7.31
734619	7.27
734620	7.3
734621	7.43
734622	7.49
734625	7.72
734626	7.79
734627	7.74
734628	7.56
734629	7.72
734632	7.71
734633	7.02
734634	7.02
734635	6.91
734636	6.84
734639	6.85
734640	6.83
734641	6.81
734642	6.9
734643	6.8
734646	6.57
734647	6.67
734648	6.91
734649	6.95
734650	7.04
734654	7.18
734655	7.03
734656	6.96
734657	6.87
734660	6.87
734661	6.82
734662	6.71
734663	6.88
734664	6.76
734667	6.67
734668	6.74
734669	6.93
734670	6.83
734671	6.79
734674	6.74
734675	6.92
734676	7.06
734677	7.09
734678	6.89
734681	6.87
734682	6.98
734683	6.93
734684	6.91
734685	7.23
734689	7.14
734690	7.16
734691	7.24
734692	7.17
734695	7.27
734696	7.28
734697	7.18
734698	7.09
734699	7.01
734702	6.92
734703	7.14
734704	7
734705	7.08
734706	7.21
734709	7.12
734710	6.9
734711	6.71
734712	7.28
734713	7.16
734716	6.92
734717	6.64
734718	6.77
734719	6.39
734720	6.49
734723	6
734724	5.91
734725	5.91
734726	6.33
734731	6.41
734732	6.48
734733	6.06
734734	6.12
734737	6.09
734738	6.34
734739	6.32
734740	6.35
734741	6.37
734744	6.64
734745	6.64
734746	6.78
734747	6.72
734748	6.42
734752	6.31
734753	6.49
734754	6.49
734755	6.2
734758	6.22
734759	6.25
734760	6.46
734761	6.57
734762	6.53
734765	6.31
734766	6.23
734767	5.93
734768	5.62
734769	5.76
734772	5.93
734773	6.09
734774	6.04
734775	6.1
734776	5.91
734779	5.53
734780	5.63
734781	5.69
734782	5.69
734783	5.62
734786	5.7
734787	5.63
734788	5.65
734789	5.62
734793	5.55
734794	5.66
734795	5.64
734796	5.39
734797	5.39
734800	5.51
734801	5.42
734802	5.46
734803	5.61
734804	5.81
734807	5.89
734808	5.58
734809	5.69
734810	5.87
734811	5.77
734814	5.79
734815	5.84
734816	5.76
734817	5.86
734818	5.9
734821	5.84
734822	5.82
734823	5.58
734824	5.46
734825	5.42
734828	5.3
734829	5.31
734830	5.32
734832	5.27
734835	5.43
734836	5.55
734837	5.9
734838	5.9
734839	5.5
734842	5.6
734843	5.59
734844	5.59
734845	5.32
734846	5.34
734849	5.29
734850	5.33
734851	5.13
734852	5.11
734853	5.14
734856	5.09
734857	5.15
734858	5.21
734859	5.23
734860	5.23
734864	5.23
734865	5.17
734866	5.33
734867	5.34
734870	5.34
734871	5.36
734872	5.31
734873	5.34
734874	5.3
734877	5.35
734878	5.53
734879	5.54
734880	5.56
734881	5.52
734886	5.72
734887	5.87
734888	5.98
734891	5.97
734892	5.97
734893	6.12
734894	6.13
734895	5.96
734898	5.99
734899	5.96
734900	6.09
734901	5.84
734902	6.03
734905	6.02
734906	5.95
734907	5.95
734908	5.95
734909	5.93
734912	5.94
734913	5.92
734914	5.89
734915	5.97
734916	6.09
734920	5.98
734921	5.92
734922	5.9
734923	6.25
734926	6.28
734927	6.36
734928	6.22
734929	6.08
734930	6
734933	5.84
734934	5.7
734935	5.73
734936	5.93
734937	5.95
734940	5.95
734941	5.96
734942	5.88
734944	6.12
734947	6.04
734948	6.03
734949	6.03
734950	6
734951	5.97
734954	6.08
734955	6.18
734956	6.04
734957	6
734958	5.98
734961	5.97
734962	5.97
734963	5.89
734964	5.9
734968	5.84
734969	5.74
734970	5.74
734971	5.82
734972	5.62
734975	5.51
734976	5.58
734977	5.54
734978	5.85
734979	5.94
734982	5.86
734983	6.05
734984	6.15
734985	6.18
734986	6.27
734989	6.26
734990	6.26
734991	6.25
734992	6.22
734993	6.19
734996	6.31
734997	6.22
734998	6.17
734999	6.28
735000	6.31
735003	6.23
735004	6.14
735005	6.09
735006	6.1
735010	5.99
735011	5.94
735012	5.91
735014	5.87
735018	5.9
735019	5.77
735020	5.72
735021	5.61
735024	5.59
735025	5.57
735026	5.66
735027	5.66
735028	5.71
735031	5.68
735032	5.87
735033	5.71
735034	5.8
735035	5.95
735038	5.78
735039	5.79
735040	5.72
735041	5.62
735042	5.7
735045	5.52
735046	5.52
735047	5.64
735048	5.55
735049	5.67
735052	5.8
735053	5.8
735055	5.72
735056	5.65
735059	5.62
735060	5.51
735061	5.62
735062	5.57
735063	5.59
735066	5.57
735067	5.63
735068	5.56
735069	5.58
735070	5.38
735073	5.26
735074	5.2
735075	5.33
735076	4.96
735080	5.16
735081	5.17
735082	5.21
735083	5.12
735084	5.31
735087	5.26
735088	5.33
735089	5.38
735090	5.5
735091	5.54
735094	5.51
735095	5.46
735096	5.53
735097	5.51
735098	5.59
735101	5.61
735102	5.64
735103	5.52
735104	5.4
735105	5.5
735108	5.43
735109	5.48
735110	5.55
735111	5.43
735112	5.4
735116	5.41
735117	5.52
735118	5.55
735119	5.63
735122	5.6
735123	5.58
735124	5.64
735125	5.78
735126	5.82
735129	5.78
735130	5.75
735131	5.76
735132	5.79
735133	5.79
735136	5.64
735137	5.63
735138	5.61
735139	5.66
735140	5.74
735143	5.69
735144	5.66
735145	5.69
735146	5.81
735147	5.76
735150	5.75
735151	5.6
735152	5.57
735153	5.58
735154	5.57
735157	5.63
735158	5.66
735159	5.62
735160	5.5
735161	5.22
735164	5.23
735165	5.12
735166	5.07
735167	5.12
735168	5.17
735171	5.17
735173	5.14
735174	5.24
735175	5.2
735178	5.34
735179	5.35
735180	5.16
735181	5.08
735182	5.15
735185	5.21
735186	5.19
735187	5.12
735188	5.11
735189	5.14
735192	5.21
735193	5.23
735194	5.5
735196	5.59
735199	5.66
735200	5.63
735201	5.69
735202	5.63
735203	5.54
735206	5.52
735207	5.55
735208	5.57
735209	5.59
735210	5.6
735213	5.71
735214	5.74
735215	5.67
735216	5.63
735217	5.67
735220	5.74
735221	5.79
735222	5.74
735223	5.81
735224	5.82
735227	5.78
735229	5.7
735230	5.7
735231	5.58
735234	5.73
735236	5.89
735237	5.95
735238	5.92
735241	5.98
735242	6.12
735243	6.28
735244	6.3
735245	6.36
735248	6.32
735249	6.51
735250	6.45
735251	6.61
735252	6.7
735256	6.86
735257	6.86
735258	6.84
735259	6.86
735262	6.86
735263	7.1
735264	7.3
735265	7.31
735266	7.47
735269	7.45
735270	7.67
735271	7.66
735272	7.65
735273	7.64
735276	7.7
735277	7.63
735278	7.59
735279	7.45
735280	7.53
735284	7.5
735285	7.29
735286	7.26
735287	7.37
735290	7.23
735291	7.31
735292	7.33
735293	7.39
735294	7.37
735297	7.36
735298	7.38
735299	7.52
735300	7.43
735301	7.49
735304	7.5
735305	7.59
735306	7.53
735307	7.52
735308	7.39
735311	7.32
735312	7.27
735313	7.45
735314	7.37
735315	7.4
735318	7.32
735319	7.44
735320	7.6
735321	7.8
735325	7.8
735326	7.89
735327	7.74
735328	7.92
735329	7.86
735332	7.81
735333	7.82
735334	7.79
735335	7.67
735336	7.66
735339	7.47
735340	7.43
735341	7.25
735342	7.16
735343	7.27
735346	7.27
735347	7.37
735348	7.37
735349	7.54
735350	7.45
735353	7.49
735354	7.48
735355	7.49
735356	7.61
735357	7.69
735360	7.74
735361	7.69
735362	7.85
735363	8.3
735364	8.45
735367	8.65
735368	8.7
735369	9.1
735370	9.04
735371	9.1
735374	9.25
735375	9.23
735376	9.13
735377	9.16
735378	9.08
735382	9.22
735383	9.16
735384	9.27
735385	9.24
735388	9.41
735389	9.15
735390	9
735391	9.18
735392	9.3
735395	9.45
735396	9.44
735397	9.42
735398	9.58
735399	9.51
735402	9.64
735403	9.54
735404	9.4
735405	9.11
735406	9.14
735409	9.21
735410	9.03
735411	9.25
735412	9.22
735413	9.27
735416	9.37
735417	9.17
735418	9.15
735420	9.3
735423	9.37
735424	9.15
735425	9.15
735426	9.46
735427	9.61
735430	9.57
735431	9.47
735432	9.54
735433	9.6
735434	9.6
735437	9.67
735438	9.7
735439	9.61
735440	10.83
735441	10.96
735444	10.97
735445	10.83
735446	10.92
735447	11.15
735448	11.24
735451	11.22
735452	11.18
735453	11.11
735454	11.32
735455	11.35
735458	11.33
735459	11.24
735460	11.28
735461	11
735462	11.06
735465	10.99
735466	11.01
735467	11.1
735468	11.18
735469	11.14
735472	11.28
735473	10.7
735474	10.69
735475	10.66
735476	10.58
735480	10.9
735481	10.93
735482	11.57
735483	11.5
735486	11.99
735487	11.95
735488	11.92
735489	11.91
735490	11.84
735493	11.92
735494	11.9
735495	11.93
735496	11.74
735497	11.63
735500	11.5
735501	11.46
735502	11.45
735503	11.67
735504	11.52
735507	11.74
735508	11.76
735509	11.75
735510	11.66
735511	11.69
735514	11.63
735515	11.46
735516	11.72
735517	11.88
735518	11.87
735521	12.21
735522	12.08
735523	12.38
735524	12.38
735525	12.28
735528	12.22
735529	12.29
735530	12.29
735531	11.54
735532	11.62
735535	11.58
735536	11.79
735537	11.7
735538	11.69
735539	11.75
735542	11.99
735543	12
735544	11.91
735545	11.64
735546	11.88
735549	12.05
735550	11.91
735551	11.93
735552	11.96
735553	11.89
735556	11.57
735557	11.96
735558	11.97
735559	11.93
735560	12.05
735563	11.89
735564	11.73
735565	11.71
735567	11.58
735570	11.63
735571	11.82
735572	11.31
735573	11.34
735574	11.85
735577	11.72
735578	11.58
735579	11.18
735580	11.48
735581	11.39
735584	11.4
735585	11.44
735586	11.54
735587	11.62
735588	11.84
735591	11.97
735592	11.99
735594	12.17
735595	12.06
735598	12.02
735599	12.02
735601	11.91
735602	11.93
735605	12.33
735606	12.44
735607	12.79
735608	12.78
735609	13.11
735612	12.92
735613	13.18
735614	13.34
735615	13.55
735616	13.51
735620	13.98
735621	13.87
735622	13.65
735623	13.34
735626	13.21
735627	13.28
735628	13.18
735629	13.56
735630	13.53
735633	13.01
735634	12.85
735635	12.76
735636	12.83
735637	13.1
735640	12.91
735641	12.85
735642	12.96
735643	13.03
735644	13.3
735648	13.38
735649	13.06
735650	13.23
