734262	15.75
734263	15.47
734264	14.64
734265	13.66
734268	15.13
734269	15.12
734270	15.6
734271	15.18
734272	14.74
734275	14.76
734276	14.41
734277	14.07
734278	13.33
734279	13.74
734282	13.66
734283	13.53
734284	13.09
734285	13.59
734286	13.35
734290	12.51
734292	12.94
734293	12.4
734296	11.87
734297	11.7
734298	11.59
734299	12.37
734300	12.36
734303	12.63
734304	13.2
734305	12.72
734306	12.22
734307	12.32
734310	12.33
734311	11.96
734312	12.1
734313	11.69
734314	11.81
734317	11.82
734318	11.26
734319	10.76
734320	10.83
734321	10.7
734325	10.71
734326	11.24
734327	11.22
734328	11.51
734331	11.12
734332	11.43
734333	11.17
734334	11.23
734335	10.47
734338	10.32
734339	10.62
734340	10.21
734341	10.8
734342	11.42
734345	11.93
734346	10.53
734347	10.11
734348	10.05
734349	10.28
734352	10.65
734353	10.71
734354	10.78
734355	10.72
734356	10.94
734359	11.34
734360	11.02
734361	10.62
734362	10.54
734366	10.3
734367	10.65
734368	10.88
734369	10.66
734370	10.56
734373	10.38
734374	10.49
734375	10.68
734376	10.26
734377	10.68
734380	10.41
734382	11.01
734383	11.31
734384	11.43
734388	10.88
734389	10.87
734390	10.94
734391	10.93
734394	11.27
734395	11.11
734396	11
734397	10.95
734398	10.94
734401	11.15
734402	11.18
734403	10.95
734404	10.61
734405	11
734408	10.93
734411	11.01
734412	11.18
734415	11.09
734417	11.77
734418	11.83
734419	12.06
734423	11.82
734424	11.71
734425	11.34
734426	11.01
734429	10.9
734431	10.84
734432	11.05
734433	10.95
734436	10.89
734437	10.93
734438	10.67
734439	10.6
734440	10.66
734443	10.75
734444	10.81
734445	10.78
734446	11.34
734447	11.56
734450	11.6
734451	11.48
734452	11.63
734453	11.39
734454	11.36
734457	11.25
734458	11.11
734459	10.96
734460	11
734461	11.03
734464	10.96
734466	10.92
734468	10.72
734471	10.88
734472	10.91
734473	11.68
734474	12.01
734475	11.99
734479	12.38
734480	13.1
734481	13.26
734482	13.53
734485	13.53
734486	13.03
734487	12.9
734488	13.14
734489	13.06
734492	13
734493	13.06
734494	13
734499	12.79
734500	12.74
734501	12.71
734506	13.05
734507	12.85
734508	13.14
734509	13.52
734510	13.77
734513	13.71
734514	13.79
734515	13.78
734516	13.75
734517	14
734522	13.21
734523	13.21
734524	13.28
734529	13.61
734530	13.95
734531	13.29
734534	13.32
734535	13.93
734536	13.66
734537	13.74
734538	14.02
734541	14.37
734542	14.76
734544	14.53
734545	14.17
734548	14.19
734549	12.88
734550	12.82
734551	13.2
734552	13.3
734556	13.06
734558	12.74
734559	13.19
734562	13.59
734563	13.08
734564	13.18
734565	13.28
734566	13.31
734569	13.41
734570	13.81
734571	14.01
734572	13.6
734573	13.87
734576	13.64
734577	13.69
734578	13.66
734579	13.61
734583	14.28
734584	13.96
734585	14.13
734586	14.15
734587	14.17
734590	13.91
734591	13.81
734592	14.06
734593	13.92
734594	14.12
734597	14.02
734598	14.16
734599	14.09
734600	13.93
734601	13.41
734604	13.51
734605	13.28
734606	13.43
734607	13.43
734608	13.18
734611	13.22
734612	13.47
734613	13.5
734614	13.4
734618	13.38
734619	13.01
734621	13.6
734622	13.42
734625	13.51
734626	13.31
734627	13.32
734628	13.19
734629	13.36
734632	13.3
734633	13.54
734634	13.37
734635	13.5
734636	13.22
734639	13.01
734640	13.07
734641	13.41
734642	13.81
734643	14.25
734646	14.2
734647	14.11
734648	14.22
734649	14.24
734650	14.29
734654	14.25
734655	13.9
734656	13.89
734657	13.3
734660	13.3
734661	12.51
734662	12.35
734663	12.23
734664	11.81
734667	11.83
734668	12.21
734669	11.83
734670	11.97
734671	12.13
734674	12.19
734675	12.43
734676	12.29
734677	12.36
734678	12.01
734681	12.08
734682	12.15
734683	12.11
734684	12.03
734685	12.46
734689	12.27
734690	12.08
734691	12.04
734695	11.73
734696	11.61
734697	11.58
734699	11.37
734702	11.37
734703	11.55
734704	11.49
734705	11.56
734706	11.42
734709	11.47
734710	11.11
734711	10.92
734712	10.59
734713	10.55
734716	10.55
734717	10.05
734718	10.13
734719	9.23
734720	9.18
734723	8.24
734724	7.78
734725	8.11
734726	8.43
734731	8.8
734732	8.7
734733	7.87
734734	7.56
734737	7.46
734738	7.76
734739	7.99
734740	7.88
734741	8.05
734744	8.85
734745	8.88
734746	8.87
734747	8.33
734748	7.98
734752	7.85
734753	8.25
734754	7.98
734755	7.8
734758	7.57
734759	7.68
734760	7.95
734761	7.99
734762	7.97
734765	7.73
734766	7.61
734767	7.19
734768	6.96
734769	7.14
734772	7.26
734773	7.38
734774	7.48
734775	7.52
734776	7.12
734779	6.91
734780	7.33
734781	7.65
734782	7.74
734783	7.49
734786	7.93
734787	7.84
734788	8.02
734789	8.01
734793	8.29
734794	8.76
734795	8.64
734796	8.65
734797	9
734800	9.34
734801	9.5
734802	9.65
734803	10.23
734804	9.88
734807	9.6
734808	8.95
734809	9.09
734810	9.45
734811	9.39
734814	9.4
734815	9.71
734816	8.94
734817	9.13
734818	9.55
734821	9.39
734822	9.69
734823	9.6
734824	9.16
734825	9.01
734828	8.75
734829	8.76
734830	8.42
734832	8.42
734835	8.93
734836	9
734837	9.58
734838	9.43
734839	9.32
734842	9.41
734843	9.45
734844	9.45
734845	9.04
734846	9.39
734849	9.16
734850	8.99
734851	8.64
734852	8.7
734853	9.16
734856	9.02
734857	9.82
734858	10.02
734859	10.23
734860	10.2
734864	10.19
734865	9.87
734866	10.7
734867	10.48
734870	10.48
734871	10.98
734872	11.19
734873	11.54
734874	11.4
734877	11.4
734878	11.46
734879	11.99
734880	11.93
734881	12.09
734886	12.66
734887	12.85
734888	12.41
734891	12.12
734892	12.22
734893	12.4
734894	12.6
734895	12.25
734898	12.25
734899	12.07
734900	12.45
734901	12.44
734902	12.92
734905	12.9
734906	12.8
734907	12.82
734908	13.01
734909	12.72
734912	13.23
734913	11.63
734914	11.67
734915	12.04
734916	12.1
734920	11.77
734921	11.87
734922	11.93
734923	11.57
734926	11.75
734927	11.98
734928	11.88
734929	11.87
734930	11.56
734933	11.74
734934	11.06
734935	11.57
734936	11.98
734937	12.11
734940	12.11
734941	12.9
734942	12.92
734944	13.38
734947	13.7
734948	13.61
734949	14.1
734950	13.74
734951	13.58
734954	13.78
734955	13.81
734956	13.68
734957	13.64
734958	13.37
734961	13.22
734962	13.08
734963	12.79
734964	12.77
734968	12.27
734969	12.05
734970	12.2
734971	12.57
734972	12.14
734975	12.2
734976	12.49
734977	11.99
734978	11.97
734979	12
734982	11.88
734983	12.24
734984	12.64
734985	12.9
734986	13.44
734989	13.18
734990	13.93
734991	14.54
734992	14.42
734993	14.4
734996	14.55
734997	14.32
734998	14.01
734999	13.93
735000	13.97
735003	13.5
735004	13.21
735005	13.16
735006	12.16
735007	11.85
735010	12.26
735011	12.55
735012	12.76
735014	12.6
735018	13
735019	12.36
735020	12.42
735021	12.04
735024	11.73
735025	12.15
735026	12.88
735027	12.99
735028	13.5
735031	12.84
735032	13.34
735033	12.93
735034	13.3
735035	13.6
735038	13.83
735039	13.95
735040	13.99
735041	13.09
735042	12.76
735045	12.26
735046	12.7
735047	13.25
735048	13.48
735049	13.87
735052	14.17
735053	13.97
735055	14.18
735056	14.16
735059	14.11
735060	13.61
735061	13.44
735062	13.71
735063	14.05
735066	13.78
735067	13.69
735068	14.23
735069	14.37
735070	14.15
735073	13.94
735074	13.65
735075	12.92
735076	13.07
735080	13.12
735081	12.03
735082	11.94
735083	12
735084	12.71
735087	12.57
735088	12.88
735089	13.08
735090	13.1
735091	12.97
735094	12.83
735095	12.98
735096	13.19
735097	13.78
735098	13.89
735101	13.66
735102	13.75
735103	13.87
735104	13.93
735105	14.13
735108	13.85
735109	13.84
735110	13.88
735111	13.76
735112	14.16
735116	14.05
735117	13.46
735118	13.8
735119	14.15
735122	14.18
735123	14.41
735124	14.75
735125	15.33
735126	15.8
735129	15.52
735130	15.63
735131	15.9
735132	16.08
735133	16.25
735136	15.94
735137	15.54
735138	14.98
735139	15.31
735140	15.05
735143	15.34
735144	15.37
735145	15.91
735146	16
735147	15.97
735150	15.57
735151	14.7
735152	14.32
735153	14.3
735154	14.3
735157	14.78
735158	14.77
735159	14.97
735160	15.2
735161	15.04
735164	14.81
735165	15.03
735166	15.53
735167	14.91
735168	14.6
735171	14.6
735173	15.09
735174	16.13
735175	15.89
735178	16.16
735179	16.34
735180	16.29
735181	15.69
735182	15.29
735185	15.11
735186	15.47
735187	14.89
735188	14.41
735189	14.92
735192	15.44
735193	16.31
735194	16.59
735196	16.9
735199	16.86
735200	16.97
735201	16.88
735202	17.08
735203	16.96
735206	16.66
735207	16.58
735208	16.21
735209	15.78
735210	15.99
735213	15.87
735214	15.72
735215	16.26
735216	16.16
735217	16.12
735220	16.39
735221	16.7
735222	16.35
735223	16.65
735224	16.27
735227	16.49
735229	16.25
735230	16.29
735231	16.04
735234	16.66
735236	17.07
735237	17.3
735238	17.47
735241	17.25
735242	17.23
735243	17.43
735244	17.47
735245	17.69
735248	17.5
735249	17.46
735250	17.37
735251	17.5
735252	17.78
735256	17.61
735257	17.61
735258	17.73
735259	18.36
735262	18.13
735263	18.28
735264	18.39
735265	18.22
735266	18.39
735269	18.27
735270	18.37
735271	18.28
735272	17.93
735273	17.86
735276	17.79
735277	17.79
735278	20.01
735279	20.36
735280	20.11
735284	19.98
735285	18.73
735286	18.64
735287	18.92
735290	18.01
735291	18.72
735292	19.2
735293	19.26
735294	19.22
735297	19.51
735298	20.02
735299	19.89
735300	19.96
735301	19.94
735304	19.85
735305	19.56
735306	20.19
735307	20.27
735308	19.96
735311	20.22
735312	20.41
735313	20.94
735314	20.54
735315	20.6
735318	20.55
735319	20.64
735320	20.45
735321	20.26
735325	19.89
735326	19.64
735327	19.21
735328	19.23
735329	19.28
735332	19.6
735333	19.59
735334	19.83
735335	20.16
735336	20.11
735339	18.65
735340	19.33
735341	18.96
735342	18.74
735343	19.27
735346	19.21
735347	19.89
735348	20.27
735349	20.35
735350	20.62
735353	20.42
735354	19.34
735355	20.11
735356	20.96
735357	21.6
735360	21.59
735361	21.6
735362	21.4
735363	21.13
735364	21.56
735367	21.43
735368	22.17
735369	22.6
735370	22.21
735371	22.74
735374	22.23
735375	22.05
735376	21.85
735377	22.17
735378	22.14
735382	22.08
735383	21.33
735384	21.34
735385	21.02
735388	20.74
735389	20.02
735390	19.71
735391	20.16
735392	20.21
735395	20.08
735396	19.55
735397	19.88
735398	20.94
735399	20.79
735402	21.05
735403	21.55
735404	20.9
735405	19.62
735406	19.06
735409	18.93
735410	19.06
735411	19.22
735412	20.02
735413	19.49
735416	20.2
735417	19.76
735418	19.96
735420	19.79
735423	19.31
735424	20
735425	20
735426	20.79
735427	20.75
735430	20.41
735431	20.57
735432	20.55
735433	20.47
735434	20.47
735437	20.89
735438	21.12
735439	20.57
735440	20.01
735441	19.84
735444	19.74
735445	20.8
735446	20.52
735447	20.97
735448	21.55
735451	21.31
735452	20.74
735453	20.17
735454	20.29
735455	19.9
735458	19.89
735459	19.23
735460	19.06
735461	19.08
735462	19.02
735465	18.61
735466	19.06
735467	19.3
735468	19.46
735469	19.35
735472	19.24
735473	18.71
735474	18.51
735475	19.04
735476	18.92
735480	19.08
735481	19.06
735482	19.22
735483	19.63
735486	20.47
735487	20.72
735488	20.99
735489	20.66
735490	20.81
735493	21.3
735494	21.5
735495	22.38
735496	22.23
735497	21.99
735500	21.55
735501	21.82
735502	21.48
735503	21.38
735504	21.12
735507	21.28
735508	21.3
735509	21.22
735510	20.94
735511	20.96
735514	20.48
735515	19.4
735516	19.53
735517	20.14
735518	20.55
735521	20.28
735522	19.83
735523	19.39
735524	19.75
735525	19.98
735528	19.69
735529	20.5
735530	20.28
735531	21.02
735532	20.99
735535	20.92
735536	21.47
735537	21.49
735538	21.13
735539	21.02
735542	21.02
735543	20.78
735544	20.76
735545	20.37
735546	20.35
735549	20.3
735550	20.46
735551	20.99
735552	21.19
735553	21.2
735556	20.82
735557	21.05
735558	21.32
735559	22.04
735560	21.79
735563	21.74
735564	22.07
735565	22.49
735567	22.42
735570	21.92
735571	21.75
735572	21.54
735573	21.32
735574	21.64
735577	21.51
735578	21.51
735579	21.29
735580	21.47
735581	21.28
735584	21.43
735585	21.17
735586	21.79
735587	21.67
735588	21.69
735591	22.49
735592	22.61
735594	22.6
735595	22.47
735598	22.8
735599	22.77
735601	22.69
735602	23.16
735605	22.84
735606	22.85
735607	23.03
735608	23.12
735609	23.46
735612	22.7
735613	23.2
735614	23.17
735615	23.08
735616	22.1
735620	22.02
735621	22.39
735622	22.24
735623	21.45
735626	21.72
735627	21.77
735628	21.42
735629	21.22
735630	21.16
735633	20.76
735634	20.9
735635	20.74
735636	21.41
735637	22.02
735640	21.7
735641	22.45
735642	22.41
735643	22.24
735644	22.46
735648	22.29
735649	22.02
735650	22.3
