734290	65.94
734291	67.67
734292	65.33
734293	60.93
734296	59.13
734297	58.56
734298	58.97
734299	64.28
734300	65.35
734303	62.08
734304	64.75
734305	65.21
734306	65.05
734307	64.25
734310	63.99
734311	64.46
734312	65.98
734313	64.73
734314	67.6
734317	64.58
734318	61.96
734319	63.45
734320	65.49
734321	68.42
734325	67.34
734326	69.94
734327	73.52
734328	74.24
734331	73.45
734332	75.75
734333	75.31
734334	77.96
734335	76.96
734338	75.25
734339	78.41
734340	76.69
734341	78.91
734342	80.13
734345	77.9
734346	76.43
734347	77.69
734348	81
734349	81.19
734352	82.48
734353	81.08
734354	82.89
734355	85.8
734356	84.31
734359	83.55
734360	81.3
734361	81.93
734362	84.39
734363	84.65
734366	84.59
734367	88.53
734368	89.81
734369	88.85
734370	90.01
734373	88.84
734374	87.08
734375	86.74
734376	89
734377	93.16
734380	91.32
734381	92.5
734382	92.71
734383	93.2
734384	94.95
734388	95.13
734389	96.21
734390	94.06
734391	95.3
734394	98.08
734395	98.36
734396	97.3
734397	99.74
734398	99.86
734401	101.09
734402	98.52
734403	101.43
734404	98.68
734405	100.36
734408	101.69
734409	101.39
734410	99.35
734411	95.5
734412	94.65
734415	94.11
734416	98.03
734417	98.92
734418	98.64
734419	109.9
734422	113.45
734423	116.37
734424	118.39
734425	116.81
734426	119.86
734429	118.85
734430	114.73
734431	118.69
734432	118.34
734433	117.65
734436	118.15
734437	121.54
734438	121.32
734439	119.14
734440	122.53
734443	121.39
734444	122.25
734445	120.06
734446	121.19
734447	122.47
734450	124.77
734451	125.18
734452	124.06
734453	127.75
734454	119.65
734457	117.18
734458	114.52
734459	116.66
734460	120.25
734461	117.71
734464	118
734465	121.47
734466	124.61
734468	122.81
734471	122.06
734472	120.77
734473	124.04
734474	123.75
734475	126.83
734478	125.25
734479	122.62
734480	121.33
734481	121.71
734482	123.01
734485	120
734486	117.46
734487	119.67
734488	121.79
734489	124.98
734492	126.59
734493	129.18
734494	128.83
734495	134.99
734499	134.23
734500	131.99
734501	134.85
734502	136.67
734503	135.15
734506	136.23
734507	134.98
734508	137
734509	138.02
734510	137.47
734513	135.49
734514	135.07
734515	141.81
734516	142.47
734517	146.27
734521	149.45
734522	140.17
734523	135.83
734524	133.3
734527	132.27
734528	130.73
734529	134.56
734530	133.76
734531	133.98
734534	135.04
734535	138.4
734536	144.99
734537	142.22
734538	142.66
734541	146.23
734542	146.47
734543	152.02
734544	150.37
734545	150.34
734548	151.78
734549	143.9
734550	144.84
734551	147.81
734552	137.87
734556	132
734558	134.02
734559	140.04
734562	141.28
734563	136.97
734564	135.08
734565	140.14
734566	134.31
734569	128.9
734570	128.94
734571	126.53
734572	123.98
734573	126.02
734576	125.97
734577	124.78
734578	126.89
734579	129.53
734583	127.14
734584	122.56
734585	125.5
734586	125.82
734587	132.1
734590	127.82
734591	129.76
734592	132.61
734593	136.79
734594	139.29
734597	142.22
734598	143.58
734599	140.35
734600	139.75
734601	138.54
734604	135.43
734605	133.82
734606	134.09
734607	133.69
734608	129.98
734611	132.96
734612	134.89
734613	133.22
734614	138.84
734618	138.94
734619	140.34
734620	139.31
734621	138.91
734622	141.55
734625	139.41
734626	132.96
734627	130.31
734628	129.25
734629	137.82
734632	142.8
734633	141.47
734634	137.3
734635	135.04
734636	133.58
734639	134.96
734640	134.25
734641	140.19
734642	141.43
734643	139.06
734646	147.75
734647	146.55
734648	150.99
734649	150.19
734650	155.19
734654	153.78
734655	148.1
734656	150.19
734657	151.41
734660	151.41
734661	147.07
734662	148.62
734663	154.86
734664	152.56
734667	150.14
734668	154.4
734669	148
734670	142.39
734671	136.06
734674	138.57
734675	146.78
734676	142.75
734677	142.97
734678	140.65
734681	143.98
734682	146.97
734683	149.35
734684	141.67
734685	139.52
734689	143.13
734690	142.95
734691	145.69
734692	149.01
734695	144.86
734696	147.5
734697	150.11
734698	149.79
734699	154.22
734702	151.56
734703	156.65
734704	157.4
734705	161.19
734706	160.25
734709	160.29
734710	159.49
734711	155.87
734712	158.83
734713	155.32
734716	157.25
734717	152.91
734718	155.02
734719	141.59
734720	146.66
734723	138.25
734724	142.54
734725	149.59
734726	162.11
734731	167.81
734732	171.91
734733	164.2
734734	164.81
734737	170.57
734738	178.95
734739	175.4
734740	175.17
734741	180.35
734744	188.6
734745	189.78
734746	182.75
734747	182.5
734748	181.89
734752	185.69
734753	183.24
734754	185.1
734755	180.09
734758	177.04
734759	176.79
734760	179.72
734761	175.38
734762	175.15
734765	175.08
734766	163.67
734767	152.94
734768	146.89
734769	145.69
734772	152.09
734773	154.95
734774	148.48
734775	140.94
734776	123.39
734779	120.98
734780	124.1
734781	133.83
734782	133.54
734783	134.71
734786	140.39
734787	146.81
734788	144.6
734789	147.52
734793	145.24
734794	148.61
734795	143.52
734796	147.31
734797	153.4
734800	159.14
734801	157.9
734802	161.61
734803	166.14
734804	170.14
734807	162.27
734808	158.63
734809	169.31
734810	174.32
734811	173.82
734814	174.02
734815	176.42
734816	166.08
734817	169.14
734818	172.62
734821	170.97
734822	169.51
734823	166.98
734824	148.19
734825	151.68
734828	149.35
734829	151.02
734830	144.8
734832	139.75
734835	146.04
734836	143.76
734837	139.8
734838	146.98
734839	140.73
734842	140.79
734843	146.82
734844	146.97
734845	141.93
734846	141.56
734849	139.35
734850	134.72
734851	129.97
734852	130.16
734853	129.89
734856	129.87
734857	137.93
734858	138.23
734859	142.74
734860	144.15
734864	145.81
734865	142.25
734866	143.99
734867	144.98
734870	144.98
734871	153.81
734872	157.99
734873	159.66
734874	157.99
734877	159.8
734878	166.21
734879	167.16
734880	166.29
734881	172.55
734886	167.79
734887	171.18
734888	175.49
734891	173.48
734892	172.36
734893	180.04
734894	181.06
734895	174.05
734898	177.06
734899	177.38
734900	183.81
734901	182.3
734902	186.75
734905	187.42
734906	188.5
734907	189.51
734908	185.73
734909	180.15
734912	182.31
734913	177.9
734914	179.18
734915	175.89
734916	178.84
734920	184.3
734921	186.04
734922	187.32
734923	183.88
734926	189.13
734927	191.56
734928	186
734929	189.23
734930	188.25
734933	177.98
734934	168.97
734935	175.84
734936	183
734937	178.73
734940	178.73
734941	180.27
734942	181.5
734944	184.21
734947	183.17
734948	183.99
734949	186.04
734950	182.44
734951	188.76
734954	188.03
734955	187.53
734956	183.12
734957	179.5
734958	182.65
734961	187.79
734962	188.28
734963	187.1
734964	186.64
734968	182.74
734969	179.04
734970	181.85
734971	188.89
734972	186.25
734975	182.78
734976	186.75
734977	186.27
734978	185.8
734979	186.67
734982	182.31
734983	181.4
734984	192.24
734985	192.99
734986	197.97
734989	193.06
734990	195.21
734991	200.13
734992	197.48
734993	183.91
734996	183.91
734997	182.9
734998	175.19
734999	172.17
735000	172.18
735003	165.78
735004	163.56
735005	160.53
735006	154.25
735010	166.15
735011	161.48
735012	167.32
735014	166.56
735018	173.2
735019	172.58
735020	171.57
735021	162.09
735024	159.75
735025	166.84
735026	168.92
735027	166.35
735028	170.52
735031	166.42
735032	168.74
735033	164.14
735034	163.81
735035	165.11
735038	170.91
735039	180.86
735040	179.46
735041	175.08
735042	177.69
735045	183.66
735046	188.93
735047	190.39
735048	190.04
735049	193.74
735052	193.44
735053	199.35
735055	199.76
735056	196.17
735059	195.65
735060	190.97
735061	194.69
735062	193.49
735063	195.2
735066	198.65
735067	203.64
735068	206.22
735069	203.65
735070	202.77
735073	197.94
735074	192.51
735075	195.59
735076	193.98
735080	197.5
735081	195.76
735082	194.62
735083	194.39
735084	202.02
735087	203.46
735088	206.07
735089	207.43
735090	212.86
735091	207.95
735094	208.72
735095	208.11
735096	211.52
735097	216.09
735098	216.63
735101	215.58
735102	211.94
735103	213.8
735104	206.73
735105	207.59
735108	205.94
735109	206.8
735110	207.5
735111	203.56
735112	207.01
735116	204.75
735117	208.26
735118	212.88
735119	214.97
735122	212.15
735123	211.29
735124	215.84
735125	220.45
735126	223.69
735129	220.41
735130	219.81
735131	222.82
735132	219.93
735133	218.7
735136	216.78
735137	214.14
735138	215.9
735139	220.12
735140	222.24
735143	224.51
735144	222.02
735145	219.98
735146	223.49
735147	221.92
735150	218.17
735151	218.41
735152	213.65
735153	214.78
735154	210.51
735157	209.77
735158	213.26
735159	215.96
735160	212.1
735161	206.68
735164	209.82
735165	203.59
735166	205
735167	203.61
735168	204.82
735171	204.82
735173	205.19
735174	210.88
735175	199.03
735178	205.48
735179	206.33
735180	201.99
735181	195.75
735182	196.04
735185	197.2
735186	197.27
735187	195.24
735188	194.8
735189	195.58
735192	203.65
735193	205.82
735194	207.25
735196	210.12
735199	208.38
735200	208.29
735201	208.54
735202	213.3
735203	214.03
735206	209.28
735207	212.52
735208	211.74
735209	211.71
735210	212.31
735213	213.69
735214	217.22
735215	209.69
735216	202.51
735217	205.99
735220	205.26
735221	205.48
735222	205.66
735223	204.28
735224	199.8
735227	201.21
735229	202.17
735230	201.41
735231	199.64
735234	203.16
735236	207.24
735237	206.26
735238	210.88
735241	210.09
735242	207.01
735243	214.25
735244	217.47
735245	218.17
735248	218.69
735249	217.01
735250	217.85
735251	217.4
735252	219.06
735256	223.68
735257	223.78
735258	226.47
735259	230.28
735262	228.19
735263	229.08
735264	231.27
735265	230.49
735266	229.17
735269	228.91
735270	227.52
735271	225.92
735272	224.75
735273	225.33
735276	226.16
735277	225.62
735278	220.34
735279	217.89
735280	217.86
735284	218.53
735285	207.07
735286	203.93
735287	201.52
735290	197.26
735291	195.23
735292	198.87
735293	200.83
735294	201.5
735297	200.42
735298	201.53
735299	202.02
735300	202.76
735301	207.14
735304	208.15
735305	206.72
735306	203.91
735307	203.51
735308	203.89
735311	202.07
735312	196.41
735313	196.5
735314	193.86
735315	193.25
735318	191.51
735319	193.33
735320	191.15
735321	190.36
735325	190.02
735326	186.12
735327	184.6
735328	190.07
735329	189.97
735332	189.69
735333	190.98
735334	191.14
735335	188.49
735336	182.24
735339	175.49
735340	176.99
735341	173.38
735342	177.31
735343	179.15
735346	178.14
735347	178.29
735348	186.48
735349	191.19
735350	185.75
735353	188.8
735354	186.23
735355	183.44
735356	183.96
735357	184
735360	186.12
735361	186.71
735362	190.71
735363	194.99
735364	194.97
735367	191.67
735368	192.82
735369	190.12
735370	190.75
735371	190.52
735374	191.48
735375	188.53
735376	188.92
735377	188.88
735378	186.73
735382	188.88
735383	194
735384	194.68
735385	190.96
735388	193.56
735389	194.02
735390	191.81
735391	192.88
735392	194.42
735395	193.78
735396	187.76
735397	183.5
735398	185.64
735399	184.56
735402	184.88
735403	188.63
735404	189.77
735405	184.42
735406	182.67
735409	176.33
735410	174.86
735411	176.88
735412	175.38
735413	171.5
735416	170.28
735417	171.84
735418	175.02
735420	175.45
735423	176.88
735424	181.2
735425	181.2
735426	187.55
735427	184.14
735430	185.33
735431	181.17
735432	183.61
735433	182.96
735434	182.96
735437	183.92
735438	181
735439	179.76
735440	180.12
735441	181
735444	202.3
735445	197.24
735446	196.01
735447	195.98
735448	193.34
735451	193.09
735452	189.54
735453	189.88
735454	191.91
735455	188.25
735458	190.12
735459	190.03
735460	188.05
735461	190.49
735462	187.84
735465	186.5
735466	187.89
735467	191
735468	193.92
735469	194.3
735472	197.07
735473	193.45
735474	189.89
735475	189.33
735476	190.34
735480	191.63
735481	192.23
735482	192.51
735483	194.19
735486	195.81
735487	197.69
735488	198.21
735489	194.38
735490	193.83
735493	200.68
735494	200.76
735495	207
735496	206.12
735497	208.17
735500	207.89
735501	207.98
735502	214.01
735503	212.35
735504	210.48
735507	210.83
735508	210.97
735509	213.9
735510	211.81
735511	216.38
735514	214.56
735515	208.72
735516	206.46
735517	206.92
735518	204.55
735521	206.08
735522	205.16
735523	208.94
735524	209.54
735525	215.16
735528	215.97
735529	215.82
735530	212.55
735531	210.13
735532	209.62
735535	218.36
735536	216.22
735537	216.37
735538	215.6
735539	214.94
735542	217.63
735543	209.5
735544	211.64
735545	210.76
735546	219.36
735549	220.5
735550	218.28
735551	217.4
735552	218.71
735553	218.9
735556	216.31
735557	214.48
735558	214.46
735559	214.62
735560	215.19
735563	213.64
735564	214.34
735565	216.5
735567	217.38
735570	217.01
735571	214.19
735572	237.07
735573	235.62
735574	233.09
735577	231.59
735578	229.77
735579	228.1
735580	225.67
735581	225.55
735584	226.63
735585	229.65
735586	228.24
735587	228.02
735588	228
735591	231.12
735592	231.62
735594	232.65
735595	231.13
735598	231.82
735599	233.04
735601	233.69
735602	232.08
735605	228.99
735606	230.46
735607	233.56
735608	239.99
735609	246.16
735612	244.64
735613	245.66
735614	248.43
735615	248.45
735616	245.81
735620	246.51
735621	242.44
735622	239.66
735623	232.68
735626	231.79
735627	234.91
735628	229.57
735629	232.58
735630	230.86
735633	226.13
735634	224.92
735635	227.75
735636	229.93
735637	234.06
735640	232.89
735641	231.06
735642	228.68
735643	231.23
735644	231.65
735648	226.19
735649	237.62
735650	240.86
