734262	24.37
734263	23.84
734264	22.97
734265	22.22
734268	23.85
734269	24.14
734270	24.63
734271	24.31
734272	24.08
734275	24.18
734276	23.83
734277	23.6
734278	22.54
734279	22.8
734282	22.45
734283	22.52
734284	22.47
734285	23.53
734286	23.28
734290	23
734292	23.48
734293	22.37
734296	21.64
734297	21.93
734298	22.02
734299	22.95
734300	22.74
734303	22.8
734304	23.29
734305	23.09
734306	22.58
734307	22.51
734310	22.51
734311	21.98
734312	21.71
734313	21.14
734314	21.46
734317	21.4
734318	20.43
734319	20.06
734320	19.64
734321	19.51
734325	19.33
734326	20.27
734327	20.42
734328	20.64
734331	20.43
734332	20.91
734333	20.76
734334	20.66
734335	20
734338	20.19
734339	20.44
734340	20.54
734341	21.32
734342	21.37
734345	22.09
734346	21.41
734347	20.8
734348	20.77
734349	20.84
734352	21.21
734353	20.88
734354	21.24
734355	21.14
734356	21.07
734359	21.43
734360	20.88
734361	20.15
734362	19.9
734366	19.68
734367	20.07
734368	20.2
734369	19.7
734370	19.58
734373	19.5
734374	19.07
734375	19.41
734376	19.01
734377	19.48
734380	19.11
734382	20.09
734383	20.58
734384	21.04
734388	20.82
734389	20.96
734390	21.19
734391	21.39
734394	21.41
734395	21.38
734396	21.63
734397	21.47
734398	21.6
734401	22.29
734402	22.35
734403	21.95
734404	21.92
734405	22.8
734408	22.68
734411	22.76
734412	23.02
734415	23.03
734417	23.62
734418	23.6
734419	23.75
734423	23.84
734424	24.08
734425	23.79
734426	23.8
734429	23.82
734431	22.88
734433	21.01
734436	20.29
734437	20.44
734438	20.45
734439	20.36
734440	20.38
734443	19.98
734444	20.35
734445	20.37
734446	20.58
734447	20.5
734450	20.39
734451	20.25
734452	20.39
734453	20.4
734454	20.12
734457	20.15
734458	19.83
734459	20
734460	20.17
734461	20.34
734464	20.38
734466	20.68
734468	20.53
734471	20.55
734472	20.7
734473	21.23
734474	21.51
734475	21.81
734479	21.93
734480	22
734481	22.13
734482	22.18
734485	22.18
734486	22.51
734487	22.44
734488	22.85
734489	23.23
734492	23.01
734493	23.03
734494	23.1
734499	23.15
734500	23.07
734501	23.08
734506	23.14
734507	23.03
734508	23.15
734509	23.02
734510	22.88
734513	22.79
734514	22.88
734515	23.02
734516	22.94
734517	22.95
734522	22.73
734523	22.73
734524	22.39
734529	22.98
734530	23.23
734531	22.62
734534	22.53
734535	22.96
734536	22.86
734537	22.65
734538	22.56
734541	22.74
734542	22.99
734544	23.02
734545	23.63
734548	23.3
734549	23.02
734550	23.49
734551	23.5
734552	23.62
734556	23.01
734558	22.44
734559	22.93
734562	23.06
734563	22.76
734564	23.27
734565	23.85
734566	23.72
734569	23.29
734570	23.8
734571	23.92
734572	23.41
734573	23.22
734576	23.01
734577	22.96
734578	22.62
734579	22.56
734583	23.44
734584	23.28
734585	23.39
734586	23.69
734587	23.75
734590	23.66
734591	23.98
734592	24.59
734593	24.5
734594	24.17
734597	24.21
734598	23.67
734599	23.6
734600	23.67
734601	23.2
734604	23.19
734605	22.8
734606	22.72
734607	22.87
734608	23.07
734611	22.88
734612	22.97
734613	23.42
734614	23.63
734618	23.68
734619	24.11
734621	24.54
734622	26.29
734625	26.17
734626	26.15
734627	26.06
734628	25.85
734629	26.12
734632	26.15
734633	26.37
734634	25.94
734635	26.12
734636	25.97
734639	26.05
734640	26.1
734641	26.2
734642	26.35
734643	25.79
734646	25.48
734647	25.42
734648	25.4
734649	25.56
734650	25.59
734654	25.83
734655	25.13
734656	24.9
734657	24.27
734660	24.27
734661	23.81
734662	23.8
734663	23.99
734664	23.28
734667	23.14
734668	23.64
734669	23.19
734670	23.21
734671	23.46
734674	23.64
734675	23.71
734676	23.27
734677	23.25
734678	22.88
734681	23.13
734682	23.42
734683	23.98
734684	24.38
734685	24.9
734689	24.76
734690	24.69
734691	24.8
734692	24.23
734695	23.84
734696	23.63
734697	23.6
734699	23.25
734702	23.25
734703	23.55
734704	23.4
734705	23.68
734706	23.5
734709	23.52
734710	23.16
734711	22.6
734712	22.1
734713	21.7
734716	21.09
734717	20.26
734718	20.58
734719	19.3
734720	19.3
734723	17.87
734724	18.57
734725	18.75
734726	19.49
734731	20.32
734732	20.06
734733	19.19
734734	19.33
734737	19.08
734738	19.88
734739	20.66
734740	20.32
734741	20.73
734744	21.64
734745	21.79
734746	22.19
734747	22.11
734748	21.49
734752	21.18
734753	22.07
734754	21.49
734755	20.86
734758	20.66
734759	20.71
734760	21.25
734761	21.42
734762	21.56
734765	21.36
734766	21.18
734767	20.32
734768	19.56
734769	19.69
734772	20.4
734773	20.94
734774	20.68
734775	20.58
734776	19.79
734779	18.61
734780	19.73
734781	20.13
734782	20.48
734783	20.65
734786	21.5
734787	21.88
734788	21.72
734789	21.64
734793	21.57
734794	22.1
734795	22.09
734796	22.37
734797	23.04
734800	23.75
734801	23.45
734802	23.92
734803	23.57
734804	22.4
734807	21.9
734808	21
734809	21.6
734810	21.85
734811	21.85
734814	21.97
734815	22.35
734816	21.55
734817	22.11
734818	22.65
734821	22.56
734822	22.65
734823	22.29
734824	21.93
734825	21.87
734828	21.08
734829	21.18
734830	20.59
734832	20.48
734835	21.13
734836	21.38
734837	22.38
734838	22.46
734839	22.41
734842	22.87
734843	22.85
734844	23.19
734845	22.62
734846	23.1
734849	23.02
734850	21.99
734851	21.4
734852	21.45
734853	21.77
734856	21.87
734857	22.64
734858	23
734859	23.36
734860	23.67
734864	23.74
734865	23.45
734866	23.81
734867	23.04
734870	23.04
734871	23.14
734872	23.34
734873	23.13
734874	22.76
734877	22.51
734878	22.41
734879	22.43
734880	22.64
734881	22.49
734886	23.35
734887	23.6
734888	23.18
734891	22.95
734892	23.3
734893	23.1
734894	23.33
734895	22.96
734898	22.04
734899	21.46
734900	22.02
734901	22.47
734902	23.22
734905	23.39
734906	22
734907	21.95
734908	21.77
734909	21.36
734912	21.53
734913	21.47
734914	21.49
734915	21.77
734916	21.95
734920	21.81
734921	21.9
734922	22.29
734923	22.59
734926	22.69
734927	22.66
734928	22.63
734929	22.37
734930	21.97
734933	22.68
734934	22.12
734935	22.01
734936	22.26
734937	22.42
734940	22.42
734941	23.08
734942	22.89
734944	23.26
734947	23.08
734948	22.85
734949	22.86
734950	22.61
734951	22.4
734954	22.78
734955	22.9
734956	22.92
734957	22.94
734958	23.01
734961	23.18
734962	23.19
734963	23.06
734964	23.19
734968	22.76
734969	21.75
734970	22.02
734971	22.44
734972	22.32
734975	22.42
734976	22.97
734977	23.14
734978	22.88
734979	23.07
734982	23.09
734983	23.36
734984	23.6
734985	23.67
734986	21.99
734989	21.77
734990	22.02
734991	21.96
734992	21.77
734993	21.49
734996	21.35
734997	21.22
734998	20.73
734999	20.81
735000	20.83
735003	20.53
735004	20.39
735005	20.41
735006	20.07
735007	19.89
735010	20.25
735011	20.4
735012	20.64
735014	20.72
735018	21.01
735019	20.78
735020	20.71
735021	20.3
735024	19.78
735025	20.15
735026	20.37
735027	20.36
735028	20.84
735031	20.48
735032	20.88
735033	20.18
735034	20.3
735035	20.55
735038	20.66
735039	20.79
735040	20.49
735041	19.92
735042	19.88
735045	19.49
735046	19.8
735047	20.12
735048	20.37
735049	21.13
735052	21.04
735053	21.27
735055	21.26
735056	21.04
735059	20.94
735060	20.86
735061	20.85
735062	20.93
735063	21.36
735066	21.18
735067	21.41
735068	21.57
735069	21.97
735070	21.6
735073	21.5
735074	21.45
735075	21.85
735076	22.23
735080	22.97
735081	23.18
735082	23.19
735083	22.97
735084	23.08
735087	22.77
735088	23.01
735089	23.27
735090	23.18
735091	23.12
735094	23.2
735095	23.22
735096	23.21
735097	23.63
735098	23.87
735101	23.59
735102	23.69
735103	23.57
735104	23.56
735105	23.89
735108	23.76
735109	23.7
735110	23.73
735111	23.73
735112	23.74
735116	23.99
735117	23.9
735118	24.13
735119	24.23
735122	24.3
735123	24.58
735124	24.43
735125	24.76
735126	25
735129	24.92
735130	24.75
735131	25.17
735132	24.89
735133	25.1
735136	24.85
735137	24.81
735138	24.3
735139	24.77
735140	25.05
735143	24.82
735144	24.45
735145	24.89
735146	24.83
735147	25.09
735150	25.13
735151	25
735152	24.87
735153	24.81
735154	24.71
735157	25.17
735158	25.49
735159	25.91
735160	25.9
735161	25.86
735164	25.79
735165	25.45
735166	25.42
735167	25.29
735168	25.4
735171	25.4
735173	26.53
735174	27.44
735175	27.19
735178	27.24
735179	27.41
735180	27.01
735181	26.84
735182	26.72
735185	26.53
735186	26.34
735187	26.13
735188	26.15
735189	26.56
735192	26.93
735193	26.99
735194	26.98
735196	27.43
735199	27.19
735200	27.18
735201	27.29
735202	27.16
735203	27.85
735206	27.43
735207	27.85
735208	27.17
735209	27
735210	26.86
735213	26.71
735214	26.52
735215	26.54
735216	26.57
735217	26.36
735220	26.7
735221	27.33
735222	27.31
735223	27.49
735224	26.83
735227	26.71
735229	26.68
735230	26.73
735231	26.44
735234	27.22
735236	27.75
735237	27.89
735238	28.02
735241	27.4
735242	27.48
735243	27.56
735244	27.88
735245	28
735248	28.05
735249	28.19
735250	28.1
735251	28.6
735252	28.55
735256	28.85
735257	29.24
735258	29.42
735259	29.57
735262	29.53
735263	29.71
735264	29.66
735265	29.7
735266	29.44
735269	29.04
735270	29.6
735271	29.42
735272	29.4
735273	29.75
735276	29.74
735277	29.58
735278	29.9
735279	30.24
735280	30.6
735284	30.65
735285	29.92
735286	29.66
735287	29.78
735290	29.19
735291	29.64
735292	30.42
735293	30.58
735294	30.67
735297	30.88
735298	31.46
735299	31.47
735300	31.61
735301	31.89
735304	32.31
735305	32.52
735306	32.32
735307	32.48
735308	32.22
735311	32.34
735312	32.51
735313	33.09
735314	32.63
735315	32.84
735318	32.81
735319	33.17
735320	33.32
735321	33.59
735325	33.49
735326	33.53
735327	32.41
735328	32.63
735329	32.63
735332	33.21
735333	32.89
735334	33.37
735335	33.79
735336	33.79
735339	32.55
735340	33.22
735341	32.39
735342	32.38
735343	32.48
735346	32.83
735347	33.21
735348	33.36
735349	33.65
735350	32.58
735353	32.33
735354	32.1
735355	31.57
735356	32.1
735357	32.84
735360	32.61
735361	32.87
735362	33.26
735363	33.15
735364	33.48
735367	33.62
735368	33.93
735369	34.12
735370	33.73
735371	34.19
735374	33.87
735375	33.8
735376	33.18
735377	33.34
735378	33
735382	33.24
735383	32.36
735384	32.39
735385	32
735388	31.7
735389	31.38
735390	30.94
735391	31.51
735392	31.86
735395	31.87
735396	31.87
735397	31.57
735398	32.29
735399	32.28
735402	32.54
735403	32.78
735404	32.11
735405	30.85
735406	30.58
735409	30.09
735410	30.48
735411	30.8
735412	31.19
735413	31.09
735416	31.26
735417	30.89
735418	31
735420	31.27
735423	30.98
735424	31.69
735425	31.69
735426	32.34
735427	32.27
735430	32.19
735431	31.79
735432	32.01
735433	31.93
735434	31.93
735437	31.94
735438	31.96
735439	31.53
735440	31.71
735441	30.71
735444	30.76
735445	31.09
735446	31.41
735447	31.85
735448	31.92
735451	31.72
735452	31.21
735453	30.78
735454	30.99
735455	30.91
735458	30.97
735459	30.78
735460	30.32
735461	29.86
735462	30.26
735465	29.81
735466	29.86
735467	29.36
735468	29.5
735469	29.67
735472	29.67
735473	29.07
735474	29.03
735475	29.16
735476	28.92
735480	28.86
735481	29.16
735482	29.22
735483	29.39
735486	30.23
735487	30.26
735488	30.57
735489	30.63
735490	30.65
735493	30.84
735494	30.8
735495	31.24
735496	30.83
735497	30.55
735500	30.31
735501	30.57
735502	30.61
735503	30.69
735504	30.36
735507	30.15
735508	30.45
735509	30.21
735510	29.58
735511	29.6
735514	29.09
735515	28.64
735516	29.03
735517	29.55
735518	29.7
735521	29.67
735522	29.18
735523	29.3
735524	29.35
735525	29.3
735528	29.37
735529	29.67
735530	29.67
735531	29.84
735532	30.35
735535	29.87
735536	30.35
735537	30.03
735538	29.74
735539	29.5
735542	29.75
735543	29.59
735544	29.6
735545	29.11
735546	29.38
735549	29.39
735550	29.4
735551	29.49
735552	29.49
735553	29.82
735556	29.82
735557	29.78
735558	29.62
735559	29.93
735560	30.07
735563	30.05
735564	30.4
735565	30.08
735567	30.21
735570	29.64
735571	29.62
735572	29.35
735573	29.21
735574	29.66
735577	29.86
735578	29.64
735579	28.94
735580	29.1
735581	29.15
735584	29.48
735585	29.37
735586	30.36
735587	30.26
735588	30.55
735591	30.99
735592	30.97
735594	31
735595	31.06
735598	31.08
735599	30.94
735601	30.66
735602	30.71
735605	30.31
735606	30.44
735607	30.37
735608	30.27
735609	30.38
735612	29.79
735613	30.03
735614	30.23
735615	30.1
735616	29.75
735620	30.42
735621	30.3
735622	30.69
735623	29.78
735626	29.49
735627	29.71
735628	29.55
735629	29.87
735630	30.02
735633	29.06
735634	29.44
735635	29.35
735636	29.93
735637	30.36
735640	30.32
735641	30.51
735642	30.54
735643	30.81
735644	31.09
735648	30.99
735649	31.23
735650	31.38
