734270	57.22
734271	57.47
734272	56.46
734275	56.56
734276	55.91
734277	55.72
734278	53.88
734279	52.7
734282	53.18
734283	52.59
734284	52.19
734285	53.47
734286	53.03
734290	52.42
734291	53.71
734292	54.03
734293	51.97
734296	50.62
734297	50.56
734298	49.48
734299	49.36
734300	50.59
734303	50.45
734304	51.72
734305	52.23
734306	52.04
734307	51.82
734310	51.58
734311	50.94
734312	51.14
734313	50.2
734314	50.1
734317	51.04
734318	50.16
734319	50.06
734320	49.76
734321	49.88
734325	50.42
734326	52.25
734327	52.48
734328	52.38
734331	52.14
734333	53.05
734334	52.56
734335	51.2
734338	51.53
734339	51.29
734340	46.75
734341	47.13
734342	47.83
734345	47.16
734346	47.49
734347	46.85
734348	46.15
734349	46.57
734352	47.59
734353	47.76
734354	47.92
734355	48.06
734356	47.97
734359	48.07
734360	47.63
734361	46.62
734362	46.67
734363	46.57
734366	46.49
734367	46.69
734368	46.86
734369	45.86
734370	45.81
734373	46.14
734374	43.2
734375	43.12
734376	42.88
734377	44
734380	43.55
734381	43.19
734382	44.64
734383	45.72
734384	46.09
734388	45.98
734389	45.48
734390	46.12
734391	46.67
734394	47.3
734395	48.4
734396	48.69
734397	48.74
734398	48.03
734401	48.74
734402	48.51
734403	48.02
734404	47.93
734405	49.7
734408	49.15
734409	50.11
734410	50.24
734411	50.05
734412	50.01
734416	50.57
734417	50.45
734418	49.78
734419	49.68
734422	49.79
734423	49.05
734424	49.29
734425	48.83
734426	49.04
734429	50.51
734431	50.57
734432	51.32
734433	50.59
734436	51.27
734437	51.23
734438	50.9
734439	50.2
734443	49.31
734444	49.9
734445	51.25
734446	51.76
734447	52.43
734450	52.09
734451	52.17
734452	52.12
734453	52.19
734454	51.59
734457	51.42
734458	50.7
734459	50.57
734460	51.39
734461	51.64
734464	51.39
734465	50.88
734466	51.3
734468	51.46
734471	50.77
734472	50.09
734474	51.4
734475	52.11
734478	51.53
734479	51.28
734480	52.09
734481	53
734482	53
734485	53
734486	54.05
734487	53.55
734488	54.38
734489	54.53
734492	54.8
734493	54.18
734494	54.38
734495	53.7
734499	54.01
734500	54.05
734501	54.1
734506	54.58
734507	54.36
734508	54.66
734509	54.64
734510	54.32
734513	54.7
734514	58
734515	57.81
734516	57.65
734517	57.82
734522	57.58
734524	57.65
734528	58.37
734529	57.35
734530	58.11
734534	57.56
734535	58.54
734536	58.2
734537	58.41
734538	58.51
734541	59.48
734542	59.7
734543	59.8
734544	59.95
734545	60.22
734548	60.49
734549	60.26
734550	61.03
734551	60.78
734552	63
734556	61.92
734558	61.56
734559	63.06
734562	63.26
734563	62.47
734564	63.06
734565	64.56
734566	63.67
734569	63.31
734570	65.07
734571	64.36
734572	62.92
734573	63.02
734576	62.34
734577	61.41
734578	60.34
734579	60.59
734583	62.03
734584	61.74
734585	61.35
734586	61.19
734587	61.12
734590	60.71
734591	61.09
734592	60.76
734593	60.8
734594	60.9
734597	61.49
734598	60.52
734599	60.26
734600	59.85
734601	59.71
734604	60
734605	59.69
734606	59.84
734607	59.87
734608	60.7
734611	60.01
734612	61.1
734613	58.41
734614	58.51
734618	58.02
734619	58.33
734621	59.18
734622	59
734625	59.24
734626	59.35
734627	59.47
734628	59.71
734629	59.69
734632	60.11
734633	61
734634	61.84
734635	63.16
734636	63.28
734639	63.76
734640	63.8
734641	64
734642	64
734643	63.42
734646	63.05
734647	62.74
734648	62.29
734649	62.21
734650	62.16
734654	62.4
734655	61.3
734656	61.01
734657	60.2
734660	60.2
734661	59.28
734662	58.64
734663	58.98
734664	58.17
734667	58.54
734668	58.88
734669	57.99
734670	58
734671	57.71
734674	58
734675	58.28
734676	58.4
734677	58.23
734678	57.38
734681	57.94
734682	58.67
734683	58.13
734684	58.69
734685	60.28
734689	59.67
734690	59.85
734691	60.6
734695	58.56
734696	59.13
734697	59.32
734698	58.64
734699	58.43
734703	59.16
734704	56.91
734705	57.63
734706	56.88
734709	56.22
734710	55.12
734711	54.48
734712	54.05
734713	54.34
734716	53.1
734717	51.67
734718	52.07
734719	49.65
734720	50.04
734723	47.43
734724	47.82
734725	46.04
734726	46.79
734731	48.42
734732	47.57
734733	44.57
734734	43.8
734737	43.88
734738	46.14
734739	47.02
734740	46.13
734741	46.17
734744	48.04
734745	47.69
734746	48.84
734747	48.24
734748	47.27
734752	47.79
734753	49.78
734754	48.68
734755	46.88
734758	46.87
734759	47.27
734760	48.71
734761	49.61
734762	49.34
734765	48.5
734766	48.49
734767	47.23
734768	46.22
734769	46.16
734772	47.27
734773	49.16
734774	49.04
734775	48.22
734776	47.13
734779	45.35
734780	46.77
734781	47.37
734782	47.63
734783	47.88
734786	49.39
734787	50.1
734788	50.16
734789	50.18
734793	48.54
734794	49.05
734795	49.41
734796	48.28
734797	49.17
734800	50
734801	48.24
734802	48.33
734803	49.67
734804	49.92
734807	47.91
734808	47
734809	47.76
734810	48.72
734811	48.56
734814	49.06
734815	49.81
734816	47.5
734817	48.27
734818	49.48
734821	48.94
734822	49.56
734823	48.78
734824	47.91
734825	47.81
734828	46.23
734829	46.36
734830	45.47
734832	45.52
734835	46.96
734836	46.62
734837	48.83
734838	49.53
734839	47.62
734842	49.09
734843	48.53
734844	48.27
734845	47.12
734846	47.85
734849	47.07
734850	46.85
734851	46.77
734852	46.63
734853	46.21
734856	45.78
734857	47.76
734858	48.6
734859	49.72
734860	50.01
734864	49.85
734865	49.31
734866	49.59
734867	49.71
734870	49.71
734871	51.07
734872	51.25
734873	51.19
734874	51.5
734877	51.8
734878	52.26
734879	53.02
734880	52.49
734881	51.73
734886	52.17
734887	52.8
734888	53.14
734891	52.8
734892	52.94
734893	54.85
734894	55.06
734895	54.87
734898	55.02
734899	55.43
734900	55.22
734901	55
734902	55.61
734905	55.67
734906	55.18
734907	54.75
734908	53.96
734909	53.54
734912	53.87
734913	53.52
734914	53.58
734915	53.65
734916	53.6
734920	53.33
734921	53.44
734922	53.92
734923	54.78
734926	54.96
734927	54.56
734928	53.64
734929	53.14
734930	53.21
734933	52.8
734934	52.03
734935	52.05
734936	52.77
734937	52.9
734940	52.9
734941	53.33
734942	54.23
734944	54.9
734947	54.95
734948	54.82
734949	54.85
734950	54.22
734951	54.44
734954	55.51
734955	55.34
734956	55.05
734957	55.08
734958	55.48
734961	55.55
734962	55.58
734963	54.77
734964	55.03
734968	54.15
734969	53.11
734970	53.83
734971	54.86
734972	53.96
734975	54.24
734976	54.89
734977	55.46
734978	54.36
734979	53.93
734982	52.7
734983	53.16
734984	53.68
734985	54.06
734986	54.56
734989	54.57
734990	54.87
734991	54.66
734992	54.76
734993	53.87
734996	54.12
734997	54.15
734998	53.25
734999	53.37
735000	53.18
735003	52.64
735004	51.99
735005	51.73
735006	50.98
735007	50.26
735010	51.43
735011	51.72
735012	51.28
735014	51.85
735018	52.59
735019	51.55
735020	51.37
735021	50.01
735024	49.84
735025	50.79
735026	51.25
735027	51.19
735028	51.31
735031	51.41
735032	51.78
735033	51.49
735034	52.34
735035	54.15
735038	54.57
735039	55.19
735040	54.9
735041	53.75
735042	54.57
735045	53.71
735046	53.82
735047	54.33
735048	53.79
735049	55.1
735052	54.67
735053	54.68
735055	54.27
735056	53.54
735059	53.67
735060	53.06
735061	53.06
735062	52.72
735063	53.05
735066	52.9
735067	53.72
735068	53.57
735069	52.14
735070	51.38
735073	50.75
735074	50.41
735075	51.27
735076	51.25
735080	52.34
735081	52.03
735082	52.83
735083	51.4
735084	52.75
735087	52.94
735088	53
735089	52.99
735090	52.79
735091	53.06
735094	53.2
735095	53.79
735096	54.11
735097	54.5
735098	54.36
735101	54.5
735102	54.81
735103	53.82
735104	53.23
735105	53.74
735108	53.69
735109	53.72
735110	53.58
735111	53.11
735112	53.26
735116	53.82
735117	53.12
735118	54.19
735119	54.15
735122	53.55
735123	54
735124	54.52
735125	55.19
735126	56.01
735129	56.23
735130	55.93
735131	55.89
735132	55.77
735133	56.29
735136	56.49
735137	55.98
735138	55.59
735139	55.81
735140	55.66
735143	54.9
735144	54.67
735145	54.42
735146	55.03
735147	54.81
735150	54.35
735151	52.7
735152	52.22
735153	52.46
735154	52.3
735157	52.3
735158	53.46
735159	52.82
735160	53.48
735161	52.64
735164	52.95
735165	52.23
735166	52.28
735167	52.4
735168	52.19
735171	52.19
735173	52.6
735174	53.07
735175	52.64
735178	52.71
735179	53.46
735180	52.61
735181	52.42
735182	52.53
735185	53.05
735186	52.68
735187	52.32
735188	52
735189	52.1
735192	53
735193	53.6
735194	53.5
735196	54.52
735199	54.53
735200	54.22
735201	54.6
735202	54.05
735203	54.16
735206	54.44
735207	54.35
735208	54.36
735209	54.35
735210	54.57
735213	54.79
735214	55.81
735215	56.13
735216	56.19
735217	55.78
735220	56.16
735221	56.35
735222	55.96
735223	56.57
735224	55.87
735227	55.87
735229	55.43
735230	55.16
735231	54.45
735234	54.82
735236	55.88
735237	56.14
735238	56.73
735241	57.07
735242	56.97
735243	58.38
735244	58.84
735245	58.84
735248	58.87
735249	59.56
735250	59.43
735251	60.62
735252	61.55
735256	61.71
735257	61.87
735258	63.45
735259	63.55
735262	63.78
735263	63.8
735264	63.66
735265	63.38
735266	62.65
735269	62.3
735270	62.8
735271	63.06
735272	62.57
735273	63.05
735276	63.78
735277	63.9
735278	64.01
735279	63.88
735280	64.02
735284	63.69
735285	63.08
735286	62.17
735287	62.7
735290	62.09
735291	62.77
735292	63.66
735293	63.88
735294	64.9
735297	65.07
735298	66
735299	65.96
735300	65.4
735301	65.72
735304	66.22
735305	66.79
735306	66.68
735307	66.81
735308	65.93
735311	64.78
735312	64.77
735313	65.37
735314	64.54
735315	64.57
735318	64.54
735319	64.86
735320	64.62
735321	64.98
735325	65.33
735326	65.56
735327	65.06
735328	65.59
735329	65
735332	65.38
735333	66.34
735334	66.74
735335	66.85
735336	66.5
735339	65.29
735340	65.08
735341	64.31
735342	63.68
735343	64.68
735346	64.15
735347	64.87
735348	64.78
735349	65.64
735350	65.06
735353	65.66
735354	65.33
735355	65.3
735356	65.78
735357	66.33
735360	66.28
735361	66.24
735362	66.45
735363	67.01
735364	68.21
735367	68.6
735368	69.21
735369	69.43
735370	69.06
735371	68.9
735374	68.73
735375	69.24
735376	67.7
735377	67.24
735378	66.99
735382	67.91
735383	67.23
735384	67.35
735385	66.39
735388	67.31
735389	66.7
735390	65.73
735391	66.36
735392	67.15
735395	67.25
735396	66.83
735397	66.37
735398	67.72
735399	67.21
735402	67.81
735403	67.67
735404	66.45
735405	64.75
735406	65.6
735409	64.76
735410	64.89
735411	64.69
735412	64.72
735413	64.68
735416	64.43
735417	64.32
735418	64.2
735420	65.23
735423	66.17
735424	66.07
735425	66.07
735426	67.38
735427	67.43
735430	68.22
735431	68.67
735432	69.37
735433	70
735434	70
735437	70.88
735438	71.05
735439	70.83
735440	70.87
735441	70.94
735444	70.35
735445	70.42
735446	70.46
735447	71.22
735448	71.27
735451	71.2
735452	70.97
735453	70.79
735454	70.9
735455	71.01
735458	70.76
735459	70.88
735460	70.43
735461	68.91
735462	67.97
735465	68.06
735466	68.25
735467	67.93
735468	68.78
735469	68.29
735472	68.38
735473	67.08
735474	66.64
735475	66.91
735476	66.89
735480	67.22
735481	67.27
735482	67.79
735483	68.93
735486	69.16
735487	69.54
735488	69.58
735489	69.5
735490	70.12
735493	70.83
735494	71.35
735495	71.78
735496	71.63
735497	71.28
735500	71.2
735501	70.83
735502	68.79
735503	68.4
735504	67.65
735507	67.59
735508	67.96
735509	67.74
735510	67.34
735511	67.7
735514	67.54
735515	67.61
735516	68.44
735517	69.42
735518	70.22
735521	70.81
735522	70.14
735523	71.52
735524	72.55
735525	73.46
735528	73.16
735529	73.53
735530	73.97
735531	74.02
735532	74.61
735535	74.54
735536	74.53
735537	74.09
735538	73.86
735539	74.03
735542	74.29
735543	74.05
735544	73.71
735545	72.9
735546	73.33
735549	73.3
735550	73.23
735551	73.82
735552	74.48
735553	74.21
735556	73.51
735557	74.1
735558	73.79
735559	74.14
735560	74.28
735563	74.74
735564	74.82
735565	74.56
735567	74.42
735570	74.26
735571	73.93
735572	73.29
735573	73.16
735574	74.52
735577	74.61
735578	74.4
735579	72.73
735580	71.84
735581	71.56
735584	71.56
735585	71.65
735586	73.76
735587	73.85
735588	74.72
735591	75.01
735592	75
735594	75.39
735595	75.06
735598	75.02
735599	75.14
735601	74.63
735602	74.84
735605	75.35
735606	75.78
735607	77.02
735608	76.99
735609	78.15
735612	77.43
735613	78.16
735614	78.25
735615	78.68
735616	78.2
735620	78.59
735621	78.58
735622	77.78
735623	76.13
735626	76.32
735627	77.44
735628	76.9
735629	78.14
735630	77.6
735633	76.47
735634	76.75
735635	77
735636	78.21
735637	79.43
735640	80.42
735641	81.14
735642	80.95
735643	82.75
735644	83.35
735648	82.62
735649	81.64
735650	82.65
