734268	46.2
734269	46.95
734270	47.97
734271	46.88
734272	46.33
734275	46.33
734276	46.23
734277	45.35
734278	43.2
734279	43.52
734282	43.72
734283	44.07
734284	45.08
734285	45.93
734286	45.18
734290	44.32
734291	46.25
734292	46.56
734293	44.73
734296	43.14
734297	42.84
734298	43.63
734299	44.98
734300	45.21
734303	45.01
734304	45.77
734305	45.18
734306	45.53
734307	45.32
734310	44.92
734311	43.9
734312	43.77
734313	42.37
734314	43.3
734317	43.09
734318	41.27
734319	40.34
734320	40.43
734321	40.96
734325	40.84
734326	41.88
734327	42.05
734328	41.61
734331	41.43
734333	41.9
734334	41.5
734335	40.41
734338	40.76
734339	41.33
734340	40.41
734341	41.09
734342	41
734345	42.96
734346	42.24
734347	42.06
734348	42.52
734349	42.63
734352	43.76
734353	43.91
734354	44.44
734355	44.81
734356	44.82
734359	44.44
734360	44.09
734361	43.26
734362	42.37
734363	41.94
734366	42
734367	42.52
734368	42.54
734369	41.61
734370	41.33
734373	40.74
734374	40.07
734375	40.09
734376	40.05
734377	40.76
734380	40.38
734382	41.81
734383	42.33
734384	43.18
734388	42.4
734389	42.56
734390	43.05
734391	43.72
734394	44.2
734395	45
734396	45.55
734397	45.36
734398	45.65
734401	46.5
734402	45.75
734403	45.73
734404	45.35
734405	46.64
734408	46.9
734409	47.04
734410	47.6
734411	47.58
734412	47.14
734417	47.02
734418	46.91
734419	47.28
734422	47.5
734423	47.64
734424	48.56
734425	48.28
734426	48.25
734429	48.35
734431	48.32
734432	48.27
734433	48.28
734436	48.63
734437	49.29
734438	49.56
734439	50.05
734443	50.97
734444	50.64
734445	50.5
734446	52.47
734447	52.67
734450	52.37
734451	51.93
734452	52.28
734453	52.39
734454	51.78
734457	51.54
734458	50.99
734459	51.7
734460	52.54
734461	53.33
734464	52.92
734465	51.82
734466	52.77
734468	52.49
734471	51.54
734472	50.95
734474	51.72
734475	52.14
734478	52.06
734479	52.64
734480	52.53
734481	52.36
734482	52.23
734485	52.23
734486	51.96
734487	51.39
734488	51.25
734489	52.08
734492	52.06
734493	52.56
734494	52.8
734495	52.67
734499	52.5
734500	52
734501	52.17
734506	51.83
734507	51.74
734508	50.21
734509	48.52
734510	48.41
734513	47.56
734514	47.72
734515	47.83
734516	47.68
734517	47.75
734522	47.58
734524	47.09
734528	46.39
734529	46.43
734530	46.36
734534	46.5
734535	46.85
734536	47.08
734537	48.49
734538	48.55
734541	48.98
734542	49.47
734543	50.37
734544	49.87
734545	51.78
734548	52.45
734549	52.6
734550	53.36
734551	53.17
734552	53.36
734556	52.89
734558	51.44
734559	51.95
734562	51.94
734563	50.86
734564	51.69
734565	52.91
734566	51.64
734569	50.76
734570	51.13
734571	50.78
734572	50.01
734573	49.95
734576	48.84
734577	48.78
734578	48.75
734579	49.35
734583	50.3
734584	50.68
734585	50.52
734586	50.66
734587	50.45
734590	48.98
734591	48.89
734592	49.89
734593	50.09
734594	50.5
734597	50.87
734598	50.92
734599	51.02
734600	50.49
734601	50.55
734604	50.15
734605	49.39
734606	49.79
734607	49.67
734608	49.94
734611	49.44
734612	49.11
734613	49.54
734614	49.49
734618	49.26
734619	49.63
734621	50.02
734622	51.42
734625	51.96
734626	51.36
734627	51.02
734628	50.04
734629	50.68
734632	51.04
734633	51.76
734634	51.17
734635	51.43
734636	50.77
734639	50.32
734640	50.31
734641	51.76
734642	51.99
734643	49.98
734646	48.75
734647	49.79
734648	49.59
734649	50.1
734650	50.18
734654	50.43
734655	48.42
734656	48.01
734657	47.02
734660	47.02
734661	46.06
734662	45.71
734663	46.45
734664	45.98
734667	45.79
734668	46.33
734669	45.85
734670	44.52
734671	47.14
734674	46.57
734675	47.69
734676	48.14
734677	47.53
734678	47.36
734681	47.64
734682	48.54
734683	49.07
734684	48.88
734685	49.35
734689	49.64
734690	49.14
734691	49.09
734695	47.22
734696	46.83
734697	47.03
734698	47.7
734699	47.76
734703	46.46
734704	46.4
734705	47.89
734706	48.29
734709	47.98
734710	48.07
734711	47.35
734712	47.03
734713	46.34
734716	46.27
734717	43.62
734718	42.81
734719	40.4
734720	40.52
734723	37.62
734724	40.88
734725	40.01
734726	43.09
734731	42.67
734732	42.35
734733	39.84
734734	38.84
734737	38.86
734738	40
734739	40.31
734740	39.18
734741	39.6
734744	41.57
734745	42.09
734746	42.85
734747	42.33
734748	40.7
734752	39.93
734753	41.05
734754	41.04
734755	40.53
734758	39.58
734759	39.9
734760	41.56
734761	42.91
734762	42.73
734765	42.45
734766	43.39
734767	41.98
734768	40.26
734769	40.73
734772	41.29
734773	40.37
734774	40.07
734775	38.45
734776	37.17
734779	36.15
734780	36.36
734781	36.86
734782	37.66
734783	37.92
734786	38.54
734787	39.04
734788	38.85
734789	40.51
734793	40.71
734794	41.54
734795	40.54
734796	40.78
734797	42.89
734800	43.29
734801	42.14
734802	42.2
734803	43.98
734804	43.64
734807	42.48
734808	41
734809	41.84
734810	41.66
734811	41.82
734814	42.12
734815	42.9
734816	40.36
734817	39.49
734818	41.05
734821	40.29
734822	40.36
734823	39.78
734824	39.58
734825	39.82
734828	38.95
734829	38.64
734830	37.34
734832	37.88
734835	38.89
734836	38.77
734837	39.82
734838	39.81
734839	40.3
734842	40.88
734843	41.37
734844	41.93
734845	41.37
734846	42.21
734849	42.39
734850	42.16
734851	41.3
734852	41.43
734853	41.79
734856	41.19
734857	42.6
734858	42.92
734859	43.06
734860	43.39
734864	42.91
734865	42.48
734866	42.84
734867	42.42
734870	42.42
734871	43.18
734872	43.03
734873	43.34
734874	43.62
734877	43.74
734878	44.88
734879	44.34
734880	44.56
734881	43.48
734886	45.14
734887	45.21
734888	45.04
734891	45.05
734892	45.24
734893	45.49
734894	45.69
734895	45.27
734898	43.97
734899	43.36
734900	43.31
734901	42.53
734902	43.38
734905	43.73
734906	44.15
734907	44.41
734908	43.82
734909	42.99
734912	43.26
734913	43.24
734914	43.18
734915	43.59
734916	43.99
734920	44.27
734921	44.03
734922	44.36
734923	44.99
734926	44.7
734927	44.72
734928	45.2
734929	45.85
734930	45.91
734933	45.54
734934	43.99
734935	43.9
734936	44.74
734937	45.24
734940	45.24
734941	47.68
734942	47.04
734944	47.55
734947	47.94
734948	47.63
734949	48.28
734950	48.4
734951	48.81
734954	49.2
734955	49.23
734956	48.84
734957	48.63
734958	48.69
734961	49.42
734962	49
734963	48.4
734964	48.91
734968	47.68
734969	46.08
734970	46.83
734971	47.5
734972	47.57
734975	47.93
734976	48.84
734977	48.6
734978	48.68
734979	48.96
734982	48.43
734983	48.14
734984	49.42
734985	51.26
734986	50.76
734989	50.22
734990	51.04
734991	50.74
734992	54.53
734993	54.21
734996	53.93
734997	54.67
734998	54.77
734999	54.25
735000	54.17
735003	53.46
735004	53.38
735005	52.99
735006	51.12
735007	50.8
735010	52.45
735011	52.75
735012	52.6
735014	54.42
735018	54.89
735019	54.57
735020	54.53
735021	53.41
735024	53.91
735025	53.78
735026	54.83
735027	55.17
735028	56.42
735031	56.35
735032	56.81
735033	55.9
735034	56.16
735035	56.62
735038	57.04
735039	56.72
735040	56.82
735041	55.52
735042	56.16
735045	55.31
735046	55.65
735047	56
735048	56.09
735049	56.86
735052	57.53
735053	57.16
735055	56.67
735056	55.98
735059	55.07
735060	54.14
735061	53.35
735062	52.88
735063	54.96
735066	53.56
735067	54.51
735068	54.3
735069	54.3
735070	53.84
735073	53.39
735074	52.84
735075	53.02
735076	53.58
735080	54.98
735081	53.85
735082	53.73
735083	56.17
735084	57.46
735087	58.1
735088	58.59
735089	58.78
735090	59.43
735091	59.94
735094	60.87
735095	59.31
735096	59.13
735097	58.6
735098	58.65
735101	58.37
735102	58.13
735103	58.63
735104	58.8
735105	59.62
735108	58.92
735109	59.48
735110	59.24
735111	58.56
735112	59.1
735116	60.34
735117	60.12
735118	60.66
735119	60.09
735122	60.01
735123	61.38
735124	61.48
735125	61.56
735126	62.33
735129	62.04
735130	61.16
735131	61.66
735132	61.84
735133	61.62
735136	61.49
735137	61.23
735138	60.19
735139	61.25
735140	61.23
735143	62.54
735144	62.32
735145	62.81
735146	63.41
735147	63.51
735150	63.3
735151	63.25
735152	63.11
735153	63.1
735154	62.52
735157	63.07
735158	63
735159	62.56
735160	63.02
735161	63.19
735164	63.72
735165	62.24
735166	62.63
735167	62.2
735168	61.15
735171	61.15
735173	60.72
735174	62.52
735175	60.48
735178	60.45
735179	60.07
735180	59.71
735181	59.84
735182	60.1
735185	59.96
735186	59.96
735187	59.3
735188	58.95
735189	59.05
735192	60.15
735193	59.93
735194	59.59
735196	60.4
735199	59.77
735200	59.66
735201	59.72
735202	59.22
735203	59.04
735206	59.04
735207	59.22
735208	57.7
735209	56.5
735210	56.83
735213	57.78
735214	58.99
735215	58.31
735216	57.84
735217	58.04
735220	58.55
735221	59.2
735222	58.97
735223	58.86
735224	57.74
735227	57.52
735229	56.59
735230	57.01
735231	56.62
735234	57.92
735236	59.41
735237	59.87
735238	58.31
735241	57.78
735242	59.12
735243	58.75
735244	59.65
735245	59.83
735248	59.15
735249	59.03
735250	58.33
735251	58.9
735252	59.02
735256	59.57
735257	60.32
735258	60.44
735259	59.93
735262	60.09
735263	59.13
735264	60.24
735265	59.78
735266	61.77
735269	61.27
735270	61.7
735271	62.26
735272	58.7
735273	59.97
735276	60.14
735277	61.01
735278	61.04
735279	62.04
735280	62.37
735284	62.42
735285	61.93
735286	61.08
735287	62.56
735290	61.63
735291	61.15
735292	62.55
735293	63.05
735294	64.3
735297	64.76
735298	64.54
735299	63.9
735300	63.88
735301	64.34
735304	64.32
735305	64.21
735306	64.34
735307	64.52
735308	64.3
735311	64.99
735312	64.99
735313	65.38
735314	64.52
735315	64.81
735318	63.99
735319	64.13
735320	63.9
735321	64.05
735325	63.8
735326	63.97
735327	64.03
735328	65.27
735329	65.95
735332	66.89
735333	66.29
735334	67.26
735335	68.28
735336	68.1
735339	66.3
735340	67.56
735341	67.09
735342	66.5
735343	67.04
735346	67.49
735347	67.36
735348	66.65
735349	66.33
735350	66.66
735353	66.39
735354	66.57
735355	66.8
735356	68.73
735357	69.31
735360	68.78
735361	68.73
735362	69.1
735363	68.91
735364	68.99
735367	68.49
735368	68.14
735369	68.64
735370	68.32
735371	69.05
735374	68.29
735375	68.86
735376	67.88
735377	68.43
735378	68.8
735382	70.01
735383	68.73
735384	68.24
735385	67.36
735388	66.76
735389	67.1
735390	65.64
735391	65.6
735392	66.8
735395	66.13
735396	65.83
735397	64.4
735398	66.75
735399	66.55
735402	67.44
735403	67.93
735404	67.76
735405	66.25
735406	66.04
735409	65.07
735410	65.08
735411	65.41
735412	66.61
735413	66.76
735416	67.61
735417	68.23
735418	68.76
735420	69.85
735423	70.52
735424	70.82
735425	70.82
735426	72.02
735427	72.69
735430	73.06
735431	72.52
735432	71.51
735433	72.92
735434	72.92
735437	72.29
735438	71.99
735439	71.7
735440	72
735441	71.52
735444	71.33
735445	70.92
735446	70.77
735447	72.31
735448	72.98
735451	72.88
735452	73.22
735453	74.05
735454	74.29
735455	75.35
735458	75.76
735459	76.19
735460	75.36
735461	73.8
735462	74.77
735465	74.4
735466	75
735467	74.22
735468	75.01
735469	74.6
735472	74.59
735473	73.18
735474	73.17
735475	73.85
735476	73.53
735480	74.37
735481	74.5
735482	74.54
735483	75.38
735486	75.05
735487	74.94
735488	74.42
735489	74.07
735490	74.23
735493	75.55
735494	76.73
735495	78.18
735496	78.56
735497	77.75
735500	77.63
735501	76.98
735502	77.58
735503	78.27
735504	78.11
735507	78.11
735508	78.55
735509	78.03
735510	76.9
735511	77.67
735514	76.33
735515	75.07
735516	74.73
735517	76.95
735518	77.72
735521	78.32
735522	77.89
735523	78.29
735524	78.84
735525	79.15
735528	79.14
735529	80.54
735530	79.68
735531	79.97
735532	80.23
735535	80.63
735536	80.78
735537	80.1
735538	80.5
735539	79.72
735542	80.24
735543	80.12
735544	80.29
735545	76.16
735546	76.51
735549	75.71
735550	75.89
735551	76.6
735552	76.4
735553	75.46
735556	74.7
735557	74.8
735558	74.47
735559	75.04
735560	74.65
735563	74.26
735564	74.8
735565	74.77
735567	74.59
735570	73.97
735571	73.25
735572	72.66
735573	72.85
735574	73.99
735577	74.74
735578	75.25
735579	81
735580	80.33
735581	80.73
735584	81.47
735585	81.37
735586	82.91
735587	83.36
735588	83.69
735591	84.03
735592	84.24
735594	84.92
735595	84.66
735598	86.19
735599	86.41
735601	85.48
735602	84.98
735605	84.53
735606	84.56
735607	82.43
735608	82.43
735609	82.01
735612	76.31
735613	76.19
735614	76.07
735615	75.15
735616	74.17
735620	75.28
735621	75.68
735622	75.26
735623	73.61
735626	72.94
735627	73.57
735628	72.37
735629	73.46
735630	72.52
735633	71.89
735634	72.47
735635	72.99
735636	74.44
735637	76.3
735640	75.8
735641	76.78
735642	77.83
735643	77.44
735644	78.95
735648	78.77
735649	79.26
735650	80.02
