734286	51.3
734290	51.05
734291	52.37
734292	54.45
734293	54.14
734296	53.57
734297	53.27
734298	52.31
734299	52.79
734300	52.65
734303	53.1
734304	54.03
734305	54.71
734306	55.05
734307	55.22
734310	55.24
734311	53.72
734312	53.03
734313	52.37
734314	51.75
734317	50.79
734318	49.57
734319	48.93
734320	47.79
734321	47.43
734325	48.11
734326	48.91
734327	49.87
734328	51.17
734331	51.28
734333	51.97
734334	53.15
734335	51.39
734338	52.49
734339	52.61
734340	51.49
734341	52.46
734342	51.99
734345	53.19
734346	52.8
734347	50.83
734348	49.88
734349	50.72
734352	52.01
734353	53.24
734354	54.24
734355	54.96
734356	55.05
734359	55.14
734360	55.02
734361	51.31
734362	51.58
734363	51.79
734366	51.62
734367	52.38
734368	51.98
734369	50.12
734370	49.89
734373	49.64
734374	49.68
734375	51.04
734376	50.64
734377	50.87
734380	49.6
734381	49.65
734382	50.88
734383	51.82
734384	53.25
734388	52.4
734389	52.91
734390	54.53
734391	54.83
734394	55.37
734395	55.45
734396	54.64
734397	54.7
734398	54.06
734401	54.96
734402	55.75
734403	56.64
734404	56.5
734405	56.69
734408	55.88
734409	56.23
734410	56.13
734411	56.64
734412	56.11
734415	54.88
734416	55.25
734417	54.34
734418	55.06
734419	55.01
734422	55.39
734423	55.66
734424	56.8
734425	57.06
734426	57.78
734429	58.39
734430	56.11
734431	57.22
734432	56.63
734433	57.54
734436	57.26
734437	55.94
734438	54.91
734439	54.61
734440	54.34
734443	54.72
734444	55.75
734445	56.05
734446	56.71
734447	57.35
734450	58.68
734451	57.74
734452	58.9
734453	58.59
734454	58.08
734457	57.18
734458	55.99
734459	56.45
734460	56.32
734461	58.61
734464	59.97
734465	58.52
734466	57.86
734468	57.1
734471	57.07
734472	55.74
734473	56.49
734474	58.44
734475	57.02
734478	55.94
734479	55.75
734480	56.53
734481	56.71
734482	57.68
734486	58.11
734487	56.32
734488	56.02
734489	55.93
734492	56.1
734493	56.56
734494	57.12
734495	57.44
734499	57.15
734500	56.99
734501	56.91
734502	56.61
734503	56.86
734506	57.95
734507	58.33
734508	58.48
734509	59.52
734510	60.46
734513	61.13
734514	61.87
734515	61.93
734516	61.81
734517	63.55
734521	62.97
734522	62.06
734523	61.56
734524	61.45
734527	60.99
734528	61.7
734529	62.55
734530	64.36
734531	62.66
734534	62.12
734535	63.75
734536	64.48
734537	64.39
734538	65.07
734541	64.11
734542	65.28
734543	65.25
734544	65.36
734545	65.25
734548	65.94
734549	65.94
734550	66.37
734551	67.21
734552	67.4
734556	65.29
734558	66.09
734559	66.52
734562	66.47
734563	65.98
734564	66.81
734565	68.8
734566	67.99
734569	67.91
734570	68.33
734571	69.4
734572	68.45
734573	67.98
734576	66.97
734577	67.41
734578	66.46
734579	65.99
734583	67.09
734584	67.47
734585	67.04
734586	68.77
734587	69.34
734590	68.96
734591	69.35
734592	69.65
734593	69.79
734594	70.75
734597	70.61
734598	69.48
734599	68.85
734600	69.07
734601	68.95
734604	69.25
734605	69.74
734606	69.15
734607	69.51
734608	69.41
734611	68.06
734612	68.98
734613	69.39
734614	72.27
734618	72.21
734619	72.97
734620	75.54
734621	76.55
734622	76.79
734625	77.18
734626	77.2
734627	77.2
734628	77.49
734629	77.96
734632	79.8
734633	79.82
734634	79.41
734635	80
734636	80.25
734639	80.76
734640	79.98
734641	81.32
734642	81.78
734643	80.53
734646	79.14
734647	77.54
734648	76.74
734649	77.42
734650	77.58
734654	78.17
734655	77.17
734656	78
734657	76.68
734660	76.68
734661	76.18
734662	75.52
734663	77.75
734664	76.34
734667	76.13
734668	77.74
734669	76.18
734670	76.27
734671	76.24
734674	78.69
734675	79.25
734676	77.81
734677	77.72
734678	77.33
734681	77.77
734682	79.09
734683	79.21
734684	78.77
734685	80.79
734689	80.22
734690	79.97
734691	78.27
734692	78
734695	75.21
734696	75.95
734697	76.68
734698	76.56
734699	74.9
734702	74.25
734703	73.54
734704	73.65
734705	74.65
734706	74.41
734709	73.81
734710	73.56
734711	68.7
734712	68.39
734713	67.55
734716	65.44
734717	63.94
734718	64.73
734719	62.26
734720	61.95
734723	57.01
734724	59.19
734725	57.26
734726	60.54
734731	62.05
734732	61.79
734733	58.93
734734	58.09
734737	57.57
734738	59.48
734739	60.74
734740	59.58
734741	60.43
734744	62.42
734745	62.78
734746	63.3
734747	63.5
734748	62.19
734752	61.9
734753	64.14
734754	63.18
734755	61.81
734758	63.38
734759	65.62
734760	66.48
734761	67.35
734762	67.7
734765	67.1
734766	67.26
734767	65.14
734768	63.63
734769	64.05
734772	65.81
734773	67.06
734774	65.47
734775	65.37
734776	65.28
734779	62.32
734780	63.03
734781	63.59
734782	63.95
734783	65.79
734786	67.53
734787	66.99
734788	67
734789	66.05
734793	65.61
734794	64.06
734795	64.9
734796	65.25
734797	66.65
734800	68.45
734801	67
734802	69.58
734803	70.58
734804	68.68
734807	68.9
734808	66.79
734809	67.99
734810	67.84
734811	67.42
734814	68.1
734815	68.83
734816	66.96
734817	68.57
734818	70.75
734821	70.3
734822	70.04
734823	68.14
734824	68.26
734825	68.52
734828	67.01
734829	66.85
734830	64.23
734832	63.7
734835	66.07
734836	67.42
734837	70.55
734838	70.08
734839	68.91
734842	68.51
734843	68.21
734844	68.51
734845	66.08
734846	66.5
734849	65.39
734850	64.64
734851	63.52
734852	64.5
734853	64.95
734856	63.64
734857	65.47
734858	65.68
734859	66.78
734860	68.05
734864	67.93
734865	66.52
734866	66.87
734867	66.25
734870	66.25
734871	67.61
734872	67.98
734873	68.51
734874	70.73
734877	71.18
734878	72.21
734879	72.57
734880	71.81
734881	71.91
734886	72.17
734887	71.93
734888	71.78
734891	71.18
734892	69.4
734893	66
734894	66.1
734895	64.3
734898	64.43
734899	64.32
734900	66.13
734901	65.16
734902	65.07
734905	64.37
734906	65
734907	64.83
734908	64.65
734909	64.17
734912	64.66
734913	65.69
734914	65.15
734915	66.23
734916	66.05
734920	66.39
734921	66.1
734922	66.22
734923	66.11
734926	65.79
734927	65.54
734928	65.63
734929	66.23
734930	65.78
734933	65.19
734934	64.34
734935	63.84
734936	64.41
734937	64.88
734940	64.88
734941	65.05
734942	67.22
734944	67.33
734947	67.67
734948	66.86
734949	66.35
734950	66.39
734951	66.68
734954	68.63
734955	68.38
734956	70
734957	71.62
734958	73.8
734961	72.95
734962	72.64
734963	72.12
734964	72.38
734968	70.53
734969	69.27
734970	69.54
734971	70
734972	69.25
734975	68.73
734976	69.96
734977	69.17
734978	70.62
734979	70.68
734982	70.59
734983	70.76
734984	70.4
734985	69.35
734986	68.63
734989	67.82
734990	68.41
734991	68.79
734992	67.3
734993	66.26
734996	66.6
734997	66.88
734998	65.77
734999	65.94
735000	66.11
735003	66.08
735004	65.62
735005	65.26
735006	66.45
735007	65.08
735010	66.9
735011	67.11
735012	66.73
735014	67.9
735018	68.84
735019	68.04
735020	67.43
735021	66.36
735024	65.45
735025	66.17
735026	67.27
735027	67.27
735028	69.07
735031	69.01
735032	69.47
735033	68.74
735034	69.8
735035	70.77
735038	71.34
735039	71.88
735040	70.86
735041	69.46
735042	69.76
735045	68.95
735046	69.1
735047	69.49
735048	65.9
735049	63.79
735052	62.26
735053	61.28
735055	61.25
735056	59.91
735059	61.95
735060	61.14
735061	61.78
735062	61.07
735063	62.36
735066	61.97
735067	62.94
735068	63.2
735069	62.7
735070	61.94
735073	61.81
735074	61.17
735075	54.01
735076	52.9
735080	55.22
735081	53.29
735082	54.07
735083	52.93
735084	55.04
735087	54.64
735088	56.26
735089	57.44
735090	56.79
735091	57.91
735094	56.89
735095	56.9
735096	57.8
735097	57.84
735098	57.26
735101	57.38
735102	57.67
735103	58.57
735104	57.73
735105	57.66
735108	58.16
735109	57.39
735110	61.8
735111	60.46
735112	59.87
735116	59.39
735117	59.15
735118	59.72
735119	60.29
735122	59.45
735123	58.65
735124	58.31
735125	58.19
735126	58.35
735129	58.81
735130	58.91
735131	59.03
735132	58.96
735133	59.26
735136	58.49
735137	58.48
735138	57.64
735139	58.07
735140	58.01
735143	57.98
735144	60.46
735145	60.11
735146	62.19
735147	61.22
735150	61.75
735151	62.1
735152	61.54
735153	62.79
735154	61.83
735157	62.38
735158	62.02
735159	61.74
735160	63.4
735161	61.82
735164	63.03
735165	61.65
735166	61.58
735167	62.23
735168	61.29
735171	61.29
735173	61.3
735174	61.73
735175	61.14
735178	60.85
735179	61.2
735180	57.85
735181	56.01
735182	56.16
735185	55.85
735186	55.5
735187	54.33
735188	54.64
735189	55.15
735192	55.94
735193	55.62
735194	55.57
735196	56.06
735199	55.37
735200	54.97
735201	54.77
735202	55.64
735203	55.9
735206	56.07
735207	55.68
735208	56.1
735209	56.62
735210	57.78
735213	58.21
735214	58.89
735215	59.24
735216	59.02
735217	58.49
735220	60.03
735221	60.57
735222	59.97
735223	61.51
735224	61.31
735227	61.07
735229	61.15
735230	60.48
735231	59.89
735234	60.92
735236	60.92
735237	58.93
735238	59.29
735241	59.74
735242	60.07
735243	62.05
735244	62.24
735245	61.75
735248	62.44
735249	63.01
735250	61.85
735251	62.42
735252	62.75
735256	63.8
735257	64.83
735258	65.69
735259	66.17
735262	66.06
735263	65.95
735264	65.62
735265	65.39
735266	64.82
735269	64.82
735270	65.84
735271	65.41
735272	65.16
735273	65.7
735276	66.28
735277	66.01
735278	66.01
735279	63
735280	63.29
735284	62.77
735285	62.58
735286	62.71
735287	61.92
735290	61.46
735291	61.83
735292	62.46
735293	62.18
735294	61.88
735297	61.82
735298	62.27
735299	62.52
735300	62.7
735301	63.03
735304	63.49
735305	64.14
735306	64.84
735307	65.18
735308	64.98
735311	64.55
735312	64.31
735313	64.02
735314	63.63
735315	64.03
735318	64.11
735319	64.76
735320	65.47
735321	65.71
735325	67.44
735326	68.46
735327	68.68
735328	68.49
735329	67.99
735332	67.72
735333	68.48
735334	69.46
735335	70.06
735336	69.79
735339	68.28
735340	70.16
735341	69.27
735342	67.53
735343	68.71
735346	68.25
735347	69.18
735348	72.93
735349	73.75
735350	72.87
735353	72.9
735354	72.43
735355	72.27
735356	73.42
735357	73.82
735360	73.51
735361	74.63
735362	75.05
735363	75.39
735364	75.89
735367	76.01
735368	78
735369	77.83
735370	76.84
735371	77.81
735374	77.49
735375	78.1
735376	77.81
735377	77.98
735378	76.98
735382	78.72
735383	78
735384	79.38
735385	76.97
735388	77.5
735389	77.44
735390	75.68
735391	76.44
735392	77.39
735395	79.56
735396	78.38
735397	78.07
735398	78.93
735399	78.16
735402	78.77
735403	79.64
735404	78.52
735405	77.48
735406	79.4
735409	79.98
735410	79.89
735411	80.21
735412	81.7
735413	81.84
735416	81.65
735417	81.38
735418	81.09
735420	81.96
735423	83.09
735424	84.09
735425	84.09
735426	85.41
735427	85.4
735430	85.68
735431	85.35
735432	84.43
735433	86.43
735434	86.43
735437	86.8
735438	87.51
735439	87.44
735440	85.9
735441	84.79
735444	85.54
735445	84.96
735446	85.56
735447	86.37
735448	86.08
735451	87.66
735452	87.45
735453	87.14
735454	87.74
735455	87.39
735458	86.97
735459	86.99
735460	86.63
735461	85.42
735462	86.05
735465	85.82
735466	86.02
735467	85.76
735468	86.2
735469	86.58
735472	86.57
735473	85.07
735474	84.83
735475	85.46
735476	85.14
735480	86.28
735481	87.38
735482	87.87
735483	87.29
735486	86.71
735487	87.8
735488	89.26
735489	88.46
735490	89.09
735493	89.1
735494	88.27
735495	84.39
735496	82.53
735497	82.33
735500	83.15
735501	84.29
735502	83.63
735503	84.11
735504	83.95
735507	83.61
735508	86.11
735509	86.6
735510	86.48
735511	87.21
735514	86.28
735515	85.37
735516	85.56
735517	88.43
735518	88.64
735521	88.67
735522	87.97
735523	89.66
735524	88.59
735525	86.38
735528	87.6
735529	88.43
735530	85.48
735531	83.6
735532	84.1
735535	84.55
735536	84.54
735537	84.54
735538	84.8
735539	85.36
735542	86.81
735543	87.41
735544	87.7
735545	86.46
735546	87.28
735549	87.94
735550	87.5
735551	88.02
735552	89.49
735553	90.1
735556	90.4
735557	92
735558	92.76
735559	92.08
735560	93.03
735563	93.61
735564	93.66
735565	93.62
735567	92.88
735570	93.92
735571	92.56
735572	91.59
735573	89.78
735574	90.69
735577	90.98
735578	91.06
735579	89.27
735580	88.69
735581	87.75
735584	87.69
735585	86.89
735586	89.02
735587	88.75
735588	89.59
735591	91.15
735592	91.39
735594	92.15
735595	92.17
735598	91.52
735599	92.39
735601	90.63
735602	90.63
735605	89.28
735606	91.08
735607	92.22
735608	93
735609	91.99
735612	90.84
735613	91.35
735614	88.15
735615	85.56
735616	85.49
735620	86.92
735621	86.11
735622	85.79
735623	84.25
735626	84.89
735627	84.3
735628	85.37
735629	87.76
735630	86
735633	85.62
735634	85.35
735635	85.65
735636	86.58
735637	84.68
735640	84.6
735641	85.68
735642	84.25
735643	85.31
735644	87.8
735648	87.52
735649	87.5
735650	87.71
