734290	95.49
734291	97.88
734292	95.87
734293	91.39
734296	88.65
734297	90.15
734298	88.55
734299	91.53
734300	93.5
734303	91.87
734304	93.97
734305	94.09
734306	93.1
734307	93.3
734310	93.58
734311	92.66
734312	91.63
734313	89.16
734314	91
734317	89.97
734318	85.71
734319	86.19
734320	85.71
734321	84.97
734325	85.87
734326	89.27
734327	90.71
734328	92.24
734331	91.65
734332	94.6
734333	93.65
734334	93.75
734335	90.14
734338	91.08
734339	92.19
734340	90.74
734341	94.98
734342	95.52
734345	98.37
734346	98.45
734347	96.24
734348	99.82
734349	100.58
734352	103.59
734353	102.54
734354	103.13
734355	102.8
734356	102.7
734359	104.24
734360	105.44
734361	100.7
734362	100.13
734363	99.53
734366	99.07
734367	101.5
734368	101.35
734369	98.42
734370	98.92
734373	98.47
734374	95.71
734375	96.66
734376	96.01
734377	98.32
734380	96.35
734381	96.51
734382	100.36
734383	101.06
734384	102.64
734388	101.1
734389	102.73
734390	104.99
734391	104.01
734394	106.2
734395	106.07
734396	107
734397	106.49
734398	105.76
734401	108.24
734402	106.39
734403	104.98
734404	103.06
734405	106.97
734408	107.42
734409	107.99
734410	106.79
734411	106.9
734412	107.91
734415	106.82
734416	112.03
734417	112.54
734418	112.74
734419	113.38
734422	113.39
734423	115.5
734424	116.98
734425	116.19
734426	116.41
734429	116.56
734430	113.61
734431	116.12
734432	115.67
734433	115.87
734436	115.78
734437	115.98
734438	116.01
734439	114.81
734440	114.7
734443	117.12
734444	118.62
734445	119.57
734446	122.16
734447	124.59
734450	121.92
734451	121.5
734452	120.14
734453	120.42
734454	118.33
734457	118.53
734458	114.3
734459	115.55
734460	116.95
734461	116.22
734464	115.85
734465	112.74
734466	116.03
734468	114.03
734471	114.51
734472	114.09
734473	117.63
734474	119.97
734475	120.02
734478	119.12
734479	118.86
734480	118.92
734481	117.44
734482	118.06
734485	117.41
734486	116.44
734487	116.77
734488	116.31
734489	114.6
734492	111.7
734493	111.9
734494	109.97
734495	108.56
734499	110.32
734500	110.37
734501	110.11
734502	110.5
734503	111.21
734506	113.17
734507	112.15
734508	110.31
734509	109.74
734510	111.69
734513	112.93
734514	115.86
734515	118.01
734516	119.26
734517	121.21
734521	120.29
734522	118.02
734523	118.27
734524	118.43
734527	119.65
734528	119.94
734529	120.34
734530	122.73
734531	120.84
734534	120.65
734535	123.59
734536	121.89
734537	121.7
734538	122.44
734541	124.67
734542	126.61
734543	126.07
734544	126.93
734545	128.55
734548	129.04
734549	129.97
734550	130.17
734551	129.69
734552	130.4
734556	124.97
734558	123.76
734559	124.94
734562	125.62
734563	123.26
734564	123.69
734565	126.89
734566	125.55
734569	124.35
734570	127.12
734571	123.98
734572	119.34
734573	121.01
734576	118.53
734577	116.81
734578	114.12
734579	115.57
734583	118.64
734584	117.54
734585	118.46
734586	121.47
734587	121.18
734590	120.15
734591	120.12
734592	122.8
734593	125.08
734594	127.2
734597	127.4
734598	125.3
734599	125.07
734600	124.15
734601	124.6
734604	124
734605	124.08
734606	123.82
734607	122.56
734608	123.08
734611	121.4
734612	121.38
734613	124.13
734614	125.93
734618	124.65
734619	126.35
734620	125.87
734621	127.33
734622	129.12
734625	129.06
734626	128.65
734627	127.9
734628	124.96
734629	126.27
734632	127.14
734633	128.35
734634	126.21
734635	128.03
734636	127.27
734639	126.94
734640	126.09
734641	127.08
734642	127.05
734643	125.83
734646	123.41
734647	123.36
734648	123.78
734649	125.14
734650	126.76
734654	129.58
734655	125.07
734656	125.38
734657	124.1
734660	124.1
734661	122.47
734662	122.29
734663	123.47
734664	121.9
734667	122.7
734668	126.01
734669	122.83
734670	123.6
734671	124.38
734674	124.32
734675	126.33
734676	124.84
734677	124.12
734678	123.14
734681	125.19
734682	126.66
734683	129.28
734684	131.29
734685	134.26
734689	134.3
734690	134.71
734691	137.26
734692	137.08
734695	131.76
734696	131.36
734697	131.24
734698	130.28
734699	130.32
734702	128.28
734703	130.41
734704	130.68
734705	134.82
734706	133.51
734709	132.88
734710	132.81
734711	126.93
734712	129.42
734713	126.96
734716	126.44
734717	122.33
734718	124.9
734719	117.56
734720	117.66
734723	106.63
734724	110.71
734725	109.44
734726	114.09
734731	114.74
734732	115.75
734733	109.72
734734	110.63
734737	112.4
734738	115.05
734739	116.82
734740	115.16
734741	115.84
734744	119.27
734745	118.53
734746	119.92
734747	118.12
734748	113.71
734752	112.05
734753	115.74
734754	114.31
734755	111.69
734758	113.12
734759	113.77
734760	115.49
734761	120.07
734762	119.33
734765	115.66
734766	115.3
734767	110.67
734768	96.79
734769	98.76
734772	101.6
734773	101.74
734774	98.95
734775	100.51
734776	95.64
734779	90.38
734780	95.61
734781	95.45
734782	97.85
734783	94.93
734786	99.77
734787	96.85
734788	97.43
734789	97.9
734793	98.22
734794	102.17
734795	100.29
734796	100.03
734797	103.53
734800	106.27
734801	101.04
734802	100.85
734803	108.81
734804	110.92
734807	106.63
734808	100
734809	103.64
734810	106.83
734811	106.93
734814	107.29
734815	109.06
734816	103.43
734817	104.77
734818	107.59
734821	104.92
734822	104.81
734823	102.6
734824	99.43
734825	99.36
734828	95.47
734829	95.43
734830	91.87
734832	91.63
734835	94.2
734836	93.88
734837	100.82
734838	99.19
734839	98.44
734842	100.83
734843	100.52
734844	100.72
734845	96.48
734846	99.93
734849	96.89
734850	95.93
734851	94.55
734852	92.81
734853	94.09
734856	92.77
734857	95.27
734858	94.24
734859	95.11
734860	95.92
734864	95.78
734865	93.97
734866	96.09
734867	96.06
734870	96.06
734871	99.02
734872	97.83
734873	98.94
734874	98.26
734877	98.83
734878	101.8
734879	96.67
734880	96.57
734881	96.26
734886	99.69
734887	101.32
734888	102.4
734891	102.6
734892	103.61
734893	103.86
734894	105.09
734895	106.68
734898	107.51
734899	106.1
734900	111.97
734901	113.23
734902	116.41
734905	116.22
734906	116.74
734907	116.7
734908	116.85
734909	116.1
734912	117.16
734913	115.99
734914	115.98
734915	117.41
734916	117.04
734920	117.33
734921	116.34
734922	118.26
734923	118.84
734926	118.33
734927	117.92
734928	117.89
734929	118.85
734930	118.09
734933	117.42
734934	115.6
734935	117.9
734936	119.93
734937	120.41
734940	120.41
734941	123.58
734942	123.27
734944	125.46
734947	124.98
734948	123.96
734949	124.61
734950	122.66
734951	122.76
734954	125.16
734955	125.49
734956	125.04
734957	123.29
734958	124.03
734961	126.56
734962	126.07
734963	125.04
734964	126.69
734968	124.81
734969	121.77
734970	121.98
734971	124.54
734972	122.24
734975	122.7
734976	125.22
734977	123.48
734978	122.36
734979	122.7
734982	119.69
734983	121.16
734984	123.9
734985	125.63
734986	125.85
734989	125.51
734990	125.93
734991	121.74
734992	119.44
734993	117.57
734996	116.16
734997	115.44
734998	114.79
734999	115
735000	114.48
735003	113.79
735004	112.99
735005	111.09
735006	108.3
735010	109.02
735011	107.88
735012	107.34
735014	106.79
735018	108.66
735019	106.7
735020	106.71
735021	102.05
735024	102.73
735025	104.34
735026	107.01
735027	108.14
735028	108.1
735031	105.41
735032	106.24
735033	104.71
735034	105.64
735035	109.18
735038	107.21
735039	109.22
735040	108.06
735041	104.22
735042	104.43
735045	103.05
735046	103.53
735047	105.34
735048	105.87
735049	110.99
735052	111.91
735053	113.92
735055	113.07
735056	111.53
735059	110.64
735060	109.65
735061	109.59
735062	108.98
735063	113.88
735066	112.45
735067	113.18
735068	113.31
735069	113.4
735070	110.35
735073	108.79
735074	107
735075	106.79
735076	108.14
735080	115.39
735081	114.95
735082	113.11
735083	110.98
735084	113.5
735087	114.03
735088	117.13
735089	116.51
735090	116.18
735091	116.23
735094	115.72
735095	116.41
735096	117.99
735097	119.77
735098	119.93
735101	118.72
735102	119.05
735103	118.41
735104	118.05
735105	119.1
735108	117.98
735109	118.16
735110	118.06
735111	116.87
735112	117.4
735116	117.59
735117	117.03
735118	120.57
735119	121.36
735122	121.35
735123	121.88
735124	123.52
735125	126.38
735126	128
735129	126.5
735130	125.33
735131	126.2
735132	125.35
735133	125.12
735136	125.36
735137	124.37
735138	123.28
735139	124.84
735140	125.07
735143	125.85
735144	126.02
735145	126.41
735146	129.2
735147	129.32
735150	129.13
735151	128.69
735152	127.32
735153	128.28
735154	127.3
735157	128.79
735158	131.35
735159	133.34
735160	133.08
735161	130.53
735164	131.11
735165	128.78
735166	128.41
735167	126.33
735168	128
735171	128
735173	127.8
735174	132.54
735175	131.95
735178	131.05
735179	132.17
735180	129.28
735181	128.1
735182	128.9
735185	129.49
735186	129.86
735187	127.45
735188	127.71
735189	128.12
735192	130.58
735193	130.7
735194	131.61
735196	133.18
735199	132.05
735200	131.65
735201	131.53
735202	132.62
735203	132.02
735206	132.07
735207	128.72
735208	127.59
735209	127.31
735210	127.68
735213	127.41
735214	127.39
735215	126.62
735216	126.82
735217	126.99
735220	128.82
735221	128.47
735222	128.81
735223	129.41
735224	128.33
735227	128.41
735229	126.63
735230	126.3
735231	124.66
735234	125.7
735236	129.97
735237	129.79
735238	131.47
735241	130.53
735242	132.18
735243	131.37
735244	134.01
735245	135.66
735248	135.58
735249	135.6
735250	135.57
735251	135.88
735252	133.39
735256	133.39
735257	132.74
735258	132.89
735259	134.48
735262	136.01
735263	137.91
735264	137.78
735265	137.32
735266	136.88
735269	138.75
735270	140.13
735271	140.56
735272	139.69
735273	139.63
735276	140.2
735277	140.16
735278	142.25
735279	142.55
735280	144.43
735284	146.08
735285	143.08
735286	140.84
735287	143.24
735290	139.96
735291	139.5
735292	141.82
735293	141.25
735294	140.83
735297	142.33
735298	145.07
735299	146.2
735300	146.2
735301	146.84
735304	147.96
735305	148.15
735306	148.84
735307	150.09
735308	149.9
735311	148.19
735312	147.88
735313	149.12
735314	147.14
735315	148.64
735318	148.47
735319	150.72
735320	149.56
735321	150.61
735325	149.69
735326	150.61
735327	146.78
735328	149.23
735329	148.07
735332	149.47
735333	151.74
735334	155.19
735335	156.01
735336	155.27
735339	150.21
735340	152.81
735341	147.66
735342	144.25
735343	146.83
735346	148.23
735347	151.38
735348	152.48
735349	154.11
735350	153.61
735353	154.88
735354	154.23
735355	153.62
735356	153.01
735357	156.41
735360	157.76
735361	158.06
735362	160.42
735363	159.33
735364	161.21
735367	163.09
735368	167.41
735369	166.59
735370	165.95
735371	168.32
735374	167.85
735375	165.23
735376	163.65
735377	162.04
735378	162.94
735382	164.81
735383	161.96
735384	161.24
735385	154.81
735388	155.48
735389	154.27
735390	148.49
735391	149.51
735392	150.46
735395	150.4
735396	147.11
735397	143.3
735398	147.1
735399	147.13
735402	147.27
735403	150.92
735404	145.47
735405	137.43
735406	137.02
735409	133.98
735410	137.26
735411	137.39
735412	138.93
735413	136.02
735416	138.56
735417	138.24
735418	137.96
735420	136.95
735423	137.24
735424	139.46
735425	139.46
735426	139.93
735427	143.49
735430	144.41
735431	144.9
735432	146.32
735433	146.13
735434	146.13
735437	145.83
735438	147.6
735439	146.3
735440	143.95
735441	48.66
735444	48.08
735445	48.73
735446	48.88
735447	50.01
735448	49.89
735451	50.08
735452	49.41
735453	49.4
735454	49.5
735455	49.31
735458	48.46
735459	49.1
735460	48.66
735461	47.3
735462	46.68
735465	46.3
735466	46.84
735467	46.45
735468	47.75
735469	46.97
735472	46.91
735473	45.2
735474	45.25
735475	46.18
735476	46.16
735480	46.62
735481	46.94
735482	46.14
735483	47.11
735486	47.1
735487	47.76
735488	48.3
735489	48.2
735490	48.55
735493	50.19
735494	50.54
735495	52.67
735496	52.4
735497	51.69
735500	50.81
735501	50.7
735502	50.44
735503	50.96
735504	50.82
735507	50.55
735508	50.85
735509	50.92
735510	50.96
735511	51.67
735514	50.82
735515	49.52
735516	50.03
735517	51.15
735518	51.27
735521	51.45
735522	51.11
735523	52.21
735524	53.51
735525	53.85
735528	53.85
735529	54.16
735530	54.29
735531	54.48
735532	54.5
735535	54.41
735536	54.68
735537	54.24
735538	53.86
735539	53.98
735542	53.79
735543	52.42
735544	53.08
735545	51.96
735546	52.27
735549	51.88
735550	52.71
735551	53.46
735552	54.27
735553	54.15
735556	53.81
735557	53.79
735558	53.58
735559	54.52
735560	55.65
735563	55.42
735564	55.13
735565	55.47
735567	55.39
735570	55.51
735571	54.88
735572	54.55
735573	54.09
735574	54.58
735577	55.7
735578	54.99
735579	53.78
735580	53.7
735581	54.02
735584	54.65
735585	54.43
735586	56.03
735587	55.67
735588	56.25
735591	56.58
735592	56.73
735594	57.18
735595	57.23
735598	57.19
735599	57.73
735601	56.72
735602	57.08
735605	57.3
735606	56.99
735607	56.75
735608	57.02
735609	57.8
735612	56.78
735613	58
735614	58.15
735615	58.28
735616	58.51
735620	58.32
735621	58.07
735622	56.18
735623	53.6
735626	52.95
735627	53.69
735628	52.65
735629	52.78
735630	52.01
735633	50.2
735634	50.82
735635	50.57
735636	51.22
735637	52.15
735640	52.85
735641	52.81
735642	53.15
735643	53.13
735644	52.81
735648	53.67
735649	52.86
735650	52.54
