734290	33.91
734291	35
734292	35.7
734293	34.24
734296	33.88
734297	33.76
734298	33.82
734299	34.78
734300	35.07
734303	35.04
734304	35.7
734305	35.73
734306	36.18
734307	35.77
734310	35.56
734311	34.88
734312	34.61
734313	34.14
734314	34.24
734317	34.54
734318	33.87
734319	33.61
734320	33.59
734321	34.01
734325	34.2
734326	34.8
734327	34.49
734328	34.61
734331	34.43
734332	35.35
734333	35.69
734334	35.88
734335	35.15
734338	35.21
734339	35.27
734340	34.75
734341	33.26
734342	33.44
734345	33.79
734346	33.31
734347	32.57
734348	32.31
734349	32.27
734352	32.91
734353	32.87
734354	33.48
734355	32.93
734356	33.1
734359	33.03
734360	32.54
734361	31.38
734362	31.62
734363	31.36
734366	30.94
734367	31.34
734368	31.47
734369	31.13
734370	31.14
734373	31.09
734374	30.07
734375	31.08
734376	30.63
734377	30.82
734380	30.21
734381	29.96
734382	30.56
734383	30.94
734384	31.29
734388	31.25
734389	31.58
734390	31.8
734391	31.6
734394	31.6
734395	31.79
734396	32.98
734397	32.56
734398	32.64
734401	33.11
734402	33.11
734403	32.8
734404	32.53
734405	33.45
734408	32.85
734409	33.2
734410	33.15
734411	33.04
734412	32.85
734415	32.18
734416	32.95
734417	32.46
734418	32.77
734419	32.61
734422	32.66
734423	32.84
734424	33.18
734425	33.31
734426	33.22
734429	33.29
734430	32.17
734431	32.17
734432	32
734433	31.99
734436	32.41
734437	32.98
734438	33.41
734439	34.33
734440	34.69
734443	34.88
734444	35.37
734445	35.34
734446	35.69
734447	35.21
734450	35.22
734451	35.62
734452	35.27
734453	35.4
734454	35.02
734457	34.89
734458	34.41
734459	34.47
734460	36.56
734461	36.2
734464	36.18
734465	35.93
734466	36.16
734468	35.88
734471	35.65
734472	35.58
734473	36.62
734474	37.36
734475	37.24
734478	37.17
734479	37.41
734480	36.76
734481	36.59
734482	37.15
734485	37
734486	37.26
734487	37.08
734488	37.98
734489	38.71
734492	38.53
734493	38.7
734494	39.11
734495	38.94
734499	38.82
734500	38.75
734501	38.56
734502	38.51
734503	38.31
734506	38.87
734507	38.58
734508	38.88
734509	39.35
734510	38.8
734513	39.24
734514	39.9
734515	40.25
734516	40.63
734517	40.59
734521	41.35
734522	40.83
734523	40.45
734524	41.3
734527	41.47
734528	41.31
734529	41.82
734530	41.97
734531	41.07
734534	41.51
734535	41.95
734536	41.69
734537	42.31
734538	41.86
734541	41.74
734542	41.62
734543	41.41
734544	41.22
734545	41.57
734548	41.97
734549	41.84
734550	41.74
734551	41.86
734552	42.14
734556	41.05
734558	40.49
734559	41.26
734562	41.64
734563	41.37
734564	41.14
734565	42.84
734566	42.53
734569	41.97
734570	42.21
734571	42.39
734572	41.17
734573	40.63
734576	40.29
734577	40.1
734578	39.28
734579	40.27
734583	40.9
734584	40.87
734585	40.11
734586	40.72
734587	41.32
734590	41.49
734591	41.59
734592	41.55
734593	41.13
734594	42.21
734597	42.06
734598	41.86
734599	42.22
734600	42.24
734601	42.18
734604	41.98
734605	41.19
734606	41.08
734607	40.65
734608	40.97
734611	41.26
734612	41.98
734613	42.6
734614	42.96
734618	42.89
734619	43.24
734620	44.11
734621	43.49
734622	43.69
734625	44.32
734626	44.51
734627	44.56
734628	44.64
734629	44.58
734632	45.3
734633	45.36
734634	44.87
734635	44.88
734636	44.45
734639	44.94
734640	44.78
734641	45.54
734642	45.25
734643	44.92
734646	44.43
734647	44.72
734648	45.04
734649	45.36
734650	45.35
734654	45.42
734655	44.51
734656	44.41
734657	44.05
734660	44.05
734661	44.05
734662	43.98
734663	44.44
734664	43.26
734667	43.66
734668	43.9
734669	43.57
734670	43.46
734671	43.88
734674	44.46
734675	45.07
734676	44.51
734677	44.31
734678	44
734681	43.94
734682	45.02
734683	45.01
734684	45.42
734685	46.32
734689	46.38
734690	46.73
734691	46.83
734692	46.45
734695	45.71
734696	46.23
734697	46.39
734698	46.18
734699	46.28
734702	45.71
734703	45.81
734704	45.52
734705	45.99
734706	46.04
734709	45.39
734710	44.63
734711	43.69
734712	43.42
734713	43.76
734716	42.78
734717	42.14
734718	42.19
734719	40.3
734720	40.13
734723	37.99
734724	39.02
734725	38.47
734726	39.56
734731	41.48
734732	41.88
734733	40.34
734734	39.98
734737	39.84
734738	41.07
734739	40.98
734740	40.23
734741	41.04
734744	42.06
734745	42.2
734746	42.5
734747	42.18
734748	41.41
734752	41.22
734753	42.62
734754	41.71
734755	40.18
734758	39.93
734759	40.52
734760	41.58
734761	41.38
734762	43.12
734765	43.23
734766	44
734767	42.65
734768	41.74
734769	41.72
734772	43.35
734773	44.06
734774	43.49
734775	43.04
734776	41.88
734779	39.88
734780	40.1
734781	40.24
734782	40.45
734783	40.26
734786	41.31
734787	41.24
734788	41.51
734789	41.52
734793	41.32
734794	42
734795	42.26
734796	42.42
734797	44
734800	44.05
734801	43.03
734802	44.12
734803	44.83
734804	45.49
734807	44.27
734808	43.14
734809	43.82
734810	44.25
734811	43.75
734814	44.16
734815	44.14
734816	42.88
734817	43.2
734818	44.91
734821	44.35
734822	44.33
734823	42.9
734824	42.24
734825	41.88
734828	40.65
734829	40.53
734830	40.85
734832	40.29
734835	41.64
734836	40.9
734837	42.46
734838	42.37
734839	41.44
734842	41.01
734843	41.03
734844	41.81
734845	41.29
734846	41.89
734849	41.14
734850	40.97
734851	40.58
734852	41.03
734853	40.94
734856	40.34
734857	40.83
734858	40.64
734859	40.89
734860	40.96
734864	40.87
734865	40.06
734866	40.64
734867	40.61
734870	40.61
734871	41.48
734872	41.2
734873	40.9
734874	41.56
734877	41.24
734878	41.4
734879	41.58
734880	41.86
734881	41.25
734886	42.29
734887	42.71
734888	42.64
734891	42
734892	41.85
734893	41.69
734894	42.08
734895	42.12
734898	42.6
734899	43.03
734900	43.08
734901	42.22
734902	42.05
734905	41.8
734906	42.41
734907	42.51
734908	42.13
734909	41.88
734912	42.37
734913	42.06
734914	41.5
734915	41.8
734916	41.52
734920	41.3
734921	41.08
734922	41.54
734923	42.05
734926	41.83
734927	42.1
734928	41.55
734929	41.59
734930	41.04
734933	41.41
734934	41.4
734935	41.05
734936	41.75
734937	42.22
734940	42.22
734941	41.83
734942	41.57
734944	41.59
734947	41.23
734948	40.82
734949	41.41
734950	41.53
734951	42.18
734954	43.28
734955	43.31
734956	42.92
734957	43.1
734958	43.11
734961	42.76
734962	42.22
734963	42.38
734964	41.77
734968	41.63
734969	40.99
734970	41.26
734971	41.3
734972	40.53
734975	40.58
734976	41.7
734977	41.17
734978	41.17
734979	41.55
734982	41.4
734983	41.24
734984	41.61
734985	41.91
734986	42.31
734989	42.27
734990	42.45
734991	42.42
734992	43.33
734993	42.7
734996	42.86
734997	43.02
734998	42.23
734999	42.24
735000	42.49
735003	42.76
735004	42.23
735005	42.12
735006	41.51
735010	41.35
735011	41.25
735012	41
735014	41.67
735018	41.7
735019	41.16
735020	41.35
735021	40.53
735024	40.54
735025	41.04
735026	41.48
735027	41.72
735028	41.9
735031	41.48
735032	41.79
735033	41.54
735034	41.82
735035	42.47
735038	42.57
735039	42.61
735040	42.19
735041	41.54
735042	41.68
735045	40.67
735046	40.67
735047	40.33
735048	40.96
735049	42
735052	42.4
735053	42.89
735055	42.57
735056	41.77
735059	42.58
735060	42.68
735061	42.34
735062	42.01
735063	42.51
735066	42.29
735067	42.74
735068	43.06
735069	43.5
735070	43.1
735073	42.48
735074	41.99
735075	42.13
735076	41.92
735080	43.31
735081	43.09
735082	42.53
735083	40.89
735084	39.24
735087	39.12
735088	39.66
735089	39.75
735090	40.2
735091	40.27
735094	39.98
735095	39.77
735096	39.81
735097	39.87
735098	39.7
735101	40.06
735102	39.81
735103	39.62
735104	39.55
735105	39.72
735108	39.79
735109	39.59
735110	40.03
735111	39.57
735112	39.55
735116	39.69
735117	38.98
735118	39.19
735119	38.31
735122	38.25
735123	38.11
735124	37.68
735125	37.79
735126	38.37
735129	38.23
735130	38.6
735131	38.28
735132	38.55
735133	38.61
735136	38.9
735137	39.05
735138	39.18
735139	39.63
735140	38.97
735143	39.5
735144	39.64
735145	39.84
735146	40.63
735147	40.52
735150	40.85
735151	41.06
735152	40.8
735153	40.91
735154	40.89
735157	41.61
735158	42.05
735159	41.63
735160	41.71
735161	41.26
735164	41.57
735165	40.75
735166	40.68
735167	40.89
735168	40.43
735171	40.43
735173	41.13
735174	41.3
735175	41.1
735178	40.48
735179	40.5
735180	40.71
735181	40.06
735182	40
735185	39.9
735186	39.81
735187	39.29
735188	39.36
735189	39.37
735192	39.63
735193	39.31
735194	39.63
735196	39.99
735199	39.7
735200	39.54
735201	39.88
735202	40.3
735203	40.45
735206	40.5
735207	40.4
735208	40.39
735209	40.44
735210	40.9
735213	41.3
735214	42
735215	41.88
735216	41.91
735217	42.32
735220	42.32
735221	42.65
735222	42.01
735223	42.31
735224	42.03
735227	41.77
735229	41.66
735230	41.35
735231	40.72
735234	41.18
735236	41.69
735237	41.79
735238	42.45
735241	42.43
735242	42.43
735243	42.64
735244	42.99
735245	43.06
735248	43.19
735249	43.49
735250	43.73
735251	44.16
735252	44.64
735256	44.57
735257	45.06
735258	44.73
735259	44.9
735262	44.64
735263	44.98
735264	44.69
735265	44.68
735266	43.81
735269	43.66
735270	44.68
735271	44.2
735272	44.64
735273	44.79
735276	45.18
735277	45.22
735278	45.54
735279	45.44
735280	46
735284	46.46
735285	46.07
735286	45.48
735287	45.56
735290	45.22
735291	45.69
735292	46.26
735293	46.21
735294	46.51
735297	46.25
735298	46.28
735299	46.12
735300	45.89
735301	46.28
735304	46.78
735305	46.83
735306	46.84
735307	47.09
735308	46.58
735311	46.13
735312	42.35
735313	42.14
735314	41.97
735315	42.09
735318	42.05
735319	42.18
735320	41.93
735321	41.66
735325	41.85
735326	42.05
735327	42.36
735328	42.53
735329	42.45
735332	42.77
735333	42.88
735334	42.95
735335	43.5
735336	43.27
735339	43.01
735340	43.12
735341	42.61
735342	42.67
735343	43.07
735346	43.38
735347	43.89
735348	44.25
735349	44.22
735350	43.98
735353	44
735354	44.1
735355	43.94
735356	46.16
735357	46.39
735360	45.96
735361	46.3
735362	46.37
735363	46.03
735364	46.36
735367	46.16
735368	46.26
735369	46.77
735370	47
735371	47.79
735374	48.02
735375	47.96
735376	47.59
735377	47.17
735378	47.17
735382	47.28
735383	47.09
735384	47.67
735385	46.96
735388	47.23
735389	46.49
735390	46.02
735391	46.13
735392	46.9
735395	46.84
735396	46.99
735397	47.16
735398	47.9
735399	47.83
735402	48.25
735403	48.76
735404	48.37
735405	47.07
735406	47.23
735409	46.58
735410	46.64
735411	47.93
735412	47.72
735413	47.2
735416	47.59
735417	47.02
735418	47.3
735420	47.58
735423	47.54
735424	48.01
735425	48.01
735426	49.54
735427	49.61
735430	49.74
735431	49.22
735432	49.55
735433	50.16
735434	50.16
735437	50.52
735438	50.18
735439	49.86
735440	49.67
735441	51.06
735444	50.58
735445	50.25
735446	50.09
735447	51.09
735448	51.11
735451	51.54
735452	51.44
735453	51.14
735454	51.52
735455	51.57
735458	51.6
735459	52.19
735460	52.23
735461	51.49
735462	51.32
735465	51.13
735466	51.07
735467	50.28
735468	50.6
735469	51.24
735472	50.97
735473	50.03
735474	50.02
735475	50.28
735476	50.28
735480	50.22
735481	50.24
735482	50.17
735483	50.39
735486	50.8
735487	51.13
735488	52.2
735489	52.85
735490	53.02
735493	53.25
735494	53.57
735495	53.32
735496	53.45
735497	53.44
735500	53.25
735501	52.4
735502	52.4
735503	52.32
735504	52.28
735507	52.15
735508	53.08
735509	53.21
735510	53.5
735511	53.85
735514	53.86
735515	53.2
735516	52.95
735517	54.7
735518	54.67
735521	54.88
735522	54.58
735523	55.54
735524	56.59
735525	55.92
735528	55.58
735529	54.92
735530	54.81
735531	55.02
735532	54.95
735535	55.55
735536	56.15
735537	55.68
735538	58.66
735539	60.25
735542	61.8
735543	60.56
735544	61.25
735545	60.82
735546	62.3
735549	62.96
735550	63
735551	63.93
735552	64.51
735553	64.84
735556	64.73
735557	64.94
735558	64.78
735559	65.35
735560	65.02
735563	65.11
735564	64.9
735565	64.47
735567	64.6
735570	64.62
735571	64.73
735572	63.2
735573	62.93
735574	63.93
735577	64.27
735578	66.22
735579	66.23
735580	66.17
735581	65.68
735584	65.62
735585	65.38
735586	66.77
735587	66.77
735588	66.56
735591	66.99
735592	67.12
735594	67.48
735595	67.14
735598	67.07
735599	66.81
735601	66.13
735602	66.79
735605	66.73
735606	67.55
735607	67.03
735608	68.18
735609	69.32
735612	67.95
735613	68.2
735614	67.91
735615	67.94
735616	67.68
735620	68
735621	67.95
735622	66.96
735623	65.42
735626	65.26
735627	67.39
735628	66.45
735629	68.96
735630	68.02
735633	65.76
735634	65.56
735635	65.37
735636	66.27
735637	67.54
735640	66.66
735641	69.56
735642	69.47
735643	69.92
735644	70.27
735648	70.8
735649	70.94
735650	71.51
