734262	53.18
734263	53.66
734264	52.3
734265	52.67
734268	54.04
734269	53.61
734270	54.02
734271	53.49
734272	53.34
734275	53.41
734276	53.1
734277	53.12
734278	51.54
734279	51.59
734282	51.46
734283	50.62
734284	50.08
734285	51.23
734286	51.4
734290	51.29
734292	52.75
734293	51.27
734296	50.8
734297	51.56
734298	51.35
734299	52.45
734300	51.65
734303	51.51
734304	52.18
734305	52.4
734306	52.36
734307	52.31
734310	52.48
734311	52.46
734312	52.24
734313	51.8
734314	50.26
734317	51.08
734318	50.33
734319	50.12
734320	50.03
734321	50.05
734325	50.43
734326	51.47
734327	52.42
734328	52.4
734331	52.45
734332	52.72
734333	52.82
734334	52.85
734335	52.37
734338	52.27
734339	53.24
734340	54.08
734341	54.26
734342	54.75
734345	54.94
734346	55.05
734347	54.88
734348	54.99
734349	55.11
734352	56.41
734353	56.38
734354	56.55
734355	56.37
734356	56.75
734359	57.11
734360	56.98
734361	56.04
734362	55.69
734366	55.88
734367	56.12
734368	55.84
734369	55.28
734370	55.3
734373	55.6
734374	55.66
734375	55.39
734376	55.16
734377	56.16
734380	55.55
734382	57.31
734383	57.38
734384	57.56
734388	57.63
734389	57.83
734390	58.29
734391	58.52
734394	58.03
734395	57.59
734396	57.42
734397	57.51
734398	57.56
734401	57.97
734402	58.11
734403	58.23
734404	57.87
734405	58.62
734408	58.6
734411	58.52
734412	59.12
734415	58.88
734417	59.8
734418	59.44
734419	59.41
734423	59.6
734424	59.94
734425	59.91
734426	59.94
734429	60
734431	61.15
734433	61.61
734436	61.01
734437	61.24
734438	61.19
734439	61.21
734440	61.32
734443	61.71
734444	61.86
734445	61.95
734446	62.45
734447	62.58
734450	62.46
734451	62.64
734452	62.55
734453	62.8
734454	62.92
734457	62.96
734458	62.08
734459	62.52
734460	63.84
734461	64.32
734464	64.27
734466	64.61
734468	64.11
734471	63.39
734472	63.17
734473	64.7
734474	64.9
734475	64.5
734479	64.14
734480	64.39
734481	64.83
734482	64.65
734485	64.65
734486	63.9
734487	64.74
734488	65.34
734489	65.7
734492	65.31
734493	65.49
734494	65.59
734499	65.07
734500	65.36
734501	65.45
734506	65.22
734507	63.87
734508	63.49
734509	63.03
734510	62.92
734513	63.06
734514	62.69
734515	63.04
734516	63.4
734517	63.13
734522	63.42
734523	63.42
734524	62.77
734529	62.96
734530	62.7
734531	62.21
734534	62.85
734535	63.05
734536	62.86
734537	62.57
734538	62.56
734541	62.52
734542	62.87
734544	63.54
734545	63.57
734548	63.14
734549	63.19
734550	63.4
734551	64.55
734552	64.55
734556	63.76
734558	63.88
734559	64.31
734562	63.92
734563	64.91
734564	64.43
734565	65.57
734566	65.21
734569	65.22
734570	65.64
734571	65.62
734572	65.29
734573	64.81
734576	63.94
734577	63.03
734578	61.6
734579	62.28
734583	63.57
734584	63.51
734585	64.27
734586	64.69
734587	65.22
734590	65.03
734591	65.72
734592	66.04
734593	66.34
734594	67.22
734597	67.66
734598	67.47
734599	67.63
734600	67.44
734601	67.27
734604	67.4
734605	66.9
734606	67.28
734607	68.31
734608	68.01
734611	67.31
734612	67.08
734613	67.85
734614	67.88
734618	67.74
734619	66.93
734621	67.41
734622	67.46
734625	67.72
734626	67.88
734627	67.46
734628	66.7
734629	66.9
734632	66.95
734633	67.34
734634	67.32
734635	68.31
734636	68.18
734639	67.83
734640	67.99
734641	68.3
734642	68.46
734643	68.3
734646	67.49
734647	67.47
734648	66.91
734649	66.7
734650	66.51
734654	66.81
734655	66.76
734656	66.04
734657	65.53
734660	65.53
734661	65.2
734662	65.4
734663	65.89
734664	65.39
734667	65.12
734668	65.61
734669	64.97
734670	65.49
734671	65.62
734674	65.83
734675	66.26
734676	66.4
734677	64.98
734678	64.93
734681	65.21
734682	66.03
734683	66.71
734684	67.29
734685	68.09
734689	68.3
734690	68.53
734691	68.75
734692	68.68
734695	68.1
734696	67.85
734697	68.06
734699	67.53
734702	67.53
734703	69.32
734704	68.87
734705	69.34
734706	69.73
734709	69.26
734710	69.19
734711	68.69
734712	68.81
734713	68.01
734716	67.73
734717	67.07
734718	68.4
734719	65.82
734720	66.77
734723	65.12
734724	65.55
734725	63.96
734726	66.35
734731	68.17
734732	69.28
734733	67.76
734734	67.1
734737	67.27
734738	69.06
734739	69.68
734740	67.97
734741	68.5
734744	69.73
734745	69.86
734746	70.45
734747	70.45
734748	69.74
734752	69.43
734753	70.8
734754	71.17
734755	69.37
734758	69.38
734759	69.2
734760	69.77
734761	71.02
734762	71.23
734765	70.49
734766	70.65
734767	69.28
734768	67.82
734769	67.42
734772	68.76
734773	69.57
734774	68.29
734775	69.05
734776	67.56
734779	65.42
734780	65.23
734781	65.15
734782	65.53
734783	65.9
734786	66.9
734787	66.8
734788	67.48
734789	67.4
734793	67
734794	66.74
734795	67.03
734796	67.12
734797	68.19
734800	67.87
734801	66.95
734802	67.47
734803	68.57
734804	68.93
734807	68.32
734808	67.04
734809	67.77
734810	68.65
734811	67.78
734814	68.21
734815	68.65
734816	67.03
734817	67.39
734818	68.12
734821	67.79
734822	68
734823	67.01
734824	66.62
734825	67.39
734828	65.95
734829	65.97
734830	64.87
734832	64.74
734835	65.17
734836	66.19
734837	67.23
734838	66.83
734839	66.38
734842	66.31
734843	66.68
734844	66.78
734845	66.73
734846	67.57
734849	66.89
734850	66.48
734851	66.26
734852	66.89
734853	67.44
734856	67.37
734857	68.4
734858	69.57
734859	69.19
734860	69.94
734864	69.88
734865	69.51
734866	70.16
734867	69.97
734870	69.97
734871	70.14
734872	69.7
734873	69.37
734874	68.93
734877	68.93
734878	69.34
734879	68.06
734880	67.57
734881	66.99
734886	67.59
734887	67.45
734888	68.09
734891	68.53
734892	67.9
734893	67.85
734894	68.43
734895	68.01
734898	67.46
734899	67.53
734900	67.85
734901	67.83
734902	68.08
734905	68.03
734906	68.55
734907	68.33
734908	67.97
734909	67.94
734912	68.44
734913	68.9
734914	68.4
734915	68.86
734916	69.05
734920	68.82
734921	69.25
734922	69.18
734923	69
734926	68.83
734927	68.85
734928	69.86
734929	69.6
734930	69.18
734933	69.23
734934	68.76
734935	68.79
734936	69.27
734937	69.51
734940	69.51
734941	70.25
734942	70.22
734944	70.16
734947	70.4
734948	70.59
734949	71.12
734950	71.42
734951	71.49
734954	71.9
734955	71.87
734956	72.66
734957	73.81
734958	74.01
734961	74.14
734962	73.76
734963	73.46
734964	73.47
734968	72.87
734969	72.02
734970	72.12
734971	72.22
734972	71.94
734975	72.44
734976	73.95
734977	74.17
734978	73.82
734979	74.13
734982	73.69
734983	74.12
734984	74.93
734985	75.71
734986	76.63
734989	76.32
734990	76.93
734991	77.16
734992	77.44
734993	77
734996	77.28
734997	77.14
734998	76.78
734999	77.41
735000	77.47
735003	76.87
735004	76.57
735005	76.33
735006	75.12
735007	74.05
735010	74.51
735011	74.19
735012	74.55
735014	75.23
735018	75.46
735019	75.06
735020	74.96
735021	73.09
735024	73.64
735025	73.24
735026	74.61
735027	74.28
735028	75.24
735031	74.66
735032	75.2
735033	74.69
735034	75.74
735035	76.09
735038	75.98
735039	75.74
735040	75.56
735041	74.67
735042	74.94
735045	74.77
735046	75.08
735047	76.34
735048	76.57
735049	78.19
735052	78.92
735053	79.16
735055	78.45
735056	78.15
735059	77.98
735060	77.98
735061	77.46
735062	76.64
735063	77.28
735066	76.48
735067	77.69
735068	77.44
735069	77.55
735070	77.03
735073	76.88
735074	76.31
735075	77.02
735076	78.85
735080	81.12
735081	80.8
735082	81.01
735083	79.75
735084	80.83
735087	80.64
735088	79.77
735089	79.56
735090	79.24
735091	78.79
735094	39.3
735095	39.38
735096	39.35
735097	39.55
735098	39.53
735101	39.47
735102	39.45
735103	38.77
735104	38.11
735105	38.47
735108	38.17
735109	38
735110	37.46
735111	37.14
735112	37.4
735116	37.28
735117	37.51
735118	38.15
735119	37.9
735122	37.66
735123	37.77
735124	37.62
735125	38.35
735126	38.12
735129	38.35
735130	38.62
735131	38.52
735132	38.64
735133	38.03
735136	38.12
735137	37.68
735138	37.76
735139	38.31
735140	37.93
735143	38.38
735144	38.34
735145	38.24
735146	38.31
735147	38.58
735150	38.58
735151	38.51
735152	38.09
735153	38.11
735154	38.23
735157	38.13
735158	37.9
735159	37.74
735160	37.61
735161	37.4
735164	37.23
735165	36.67
735166	36.88
735167	37.09
735168	37.04
735171	37.04
735173	37.18
735174	37.33
735175	37.08
735178	36.77
735179	37.42
735180	36.72
735181	36.36
735182	36.29
735185	36.08
735186	36.16
735187	36.01
735188	36.43
735189	36.56
735192	37.24
735193	37.25
735194	37.39
735196	37.93
735199	37.36
735200	37.42
735201	37.56
735202	37.97
735203	37.92
735206	37.38
735207	37.15
735208	37.31
735209	37.38
735210	37.71
735213	37.64
735214	37.86
735215	37.64
735216	37.6
735217	37.66
735220	37.5
735221	37.28
735222	36.78
735223	37.05
735224	36.89
735227	36.73
735229	36.42
735230	36.42
735231	35.97
735234	36.25
735236	37.6
735237	37.6
735238	37.66
735241	37.3
735242	37.04
735243	37.03
735244	36.96
735245	36.91
735248	36.99
735249	37.32
735250	37.32
735251	37.51
735252	37.7
735256	37.13
735257	37.13
735258	37.11
735259	37.05
735262	37.01
735263	37.42
735264	37.43
735265	37.5
735266	37.24
735269	37.35
735270	38.14
735271	38.31
735272	38.77
735273	38.91
735276	38.77
735277	38.61
735278	37.56
735279	37.21
735280	36.84
735284	37.67
735285	37.73
735286	37.71
735287	38.52
735290	37.72
735291	38.11
735292	38.45
735293	38.72
735294	38.7
735297	38.82
735298	38.68
735299	39.02
735300	39.12
735301	39.22
735304	39.31
735305	38.96
735306	38.59
735307	39.02
735308	38.83
735311	38.76
735312	39.33
735313	39.87
735314	40.07
735315	40.04
735318	40.12
735319	40.69
735320	40.18
735321	40.34
735325	40.45
735326	40.72
735327	40.18
735328	40.54
735329	40.08
735332	40.86
735333	40.71
735334	41.07
735335	41.18
735336	41.08
735339	40.09
735340	42.37
735341	42.48
735342	42.3
735343	42.66
735346	42.72
735347	42.69
735348	42.43
735349	42.35
735350	42.1
735353	42.24
735354	42.26
735355	42.21
735356	41.96
735357	42.24
735360	42.08
735361	42.43
735362	42.46
735363	42.12
735364	42.15
735367	42.19
735368	42.52
735369	42.92
735370	43.09
735371	42.97
735374	42.38
735375	42.34
735376	42.25
735377	41.93
735378	42.24
735382	42.55
735383	41.4
735384	40.77
735385	39.99
735388	40.81
735389	41.42
735390	40.65
735391	40.79
735392	41.41
735395	41.18
735396	40.79
735397	40.39
735398	40.41
735399	40.34
735402	40.68
735403	40.93
735404	40.41
735405	39.13
735406	39.76
735409	39.53
735410	39.72
735411	40.33
735412	40.26
735413	40.11
735416	40.46
735417	40.37
735418	40.49
735420	40.52
735423	40.54
735424	40.83
735425	40.83
735426	41.03
735427	41.03
735430	41.01
735431	40.23
735432	40.84
735433	40.81
735434	40.81
735437	41.09
735438	40.96
735439	40.86
735440	40.84
735441	40.64
735444	40.28
735445	40.32
735446	40.08
735447	40.57
735448	40.22
735451	40.29
735452	40.37
735453	40.15
735454	40.2
735455	40.16
735458	39.83
735459	39.65
735460	39.53
735461	39.09
735462	39.05
735465	38.78
735466	38.65
735467	38.28
735468	38.31
735469	38.52
735472	38.12
735473	38.15
735474	38.35
735475	38.1
735476	38.18
735480	37.9
735481	38.54
735482	38.24
735483	38.35
735486	38.52
735487	38.63
735488	38.78
735489	38.44
735490	38.69
735493	38.86
735494	38.79
735495	39.59
735496	39.31
735497	39.4
735500	38.63
735501	38.53
735502	38.33
735503	38.74
735504	38.4
735507	37.88
735508	37.95
735509	37.43
735510	37.16
735511	37.2
735514	37.05
735515	37.28
735516	37.08
735517	37.78
735518	37.77
735521	37.91
735522	37.66
735523	38
735524	38.55
735525	38.78
735528	38.82
735529	39.09
735530	39.09
735531	38.8
735532	39.03
735535	39.61
735536	39.8
735537	39.62
735538	39.57
735539	39.61
735542	39.51
735543	39.5
735544	40.05
735545	39.83
735546	40.05
735549	39.87
735550	39.88
735551	40.12
735552	40.21
735553	40.22
735556	40.17
735557	40.14
735558	40.06
735559	40.43
735560	40.43
735563	40.37
735564	40.25
735565	40.19
735567	40.19
735570	40.08
735571	40.35
735572	40.37
735573	39.83
735574	40.46
735577	40.4
735578	39.85
735579	40.13
735580	39.21
735581	39.23
735584	39.27
735585	39.1
735586	40.02
735587	39.86
735588	40.04
735591	40.16
735592	40.19
735594	40.49
735595	40.66
735598	41.09
735599	41.31
735601	40.66
735602	40.46
735605	40.27
735606	40.39
735607	39.94
735608	39.73
735609	40.13
735612	39.53
735613	39.69
735614	39.76
735615	39.71
735616	39.28
735620	39.92
735621	39.9
735622	39.24
735623	38.84
735626	38.73
735627	38.87
735628	37.9
735629	38.17
735630	37.82
735633	37.2
735634	37.48
735635	37.61
735636	38.03
735637	37.95
735640	38.57
735641	38.64
735642	38.51
735643	38.65
735644	38.93
735648	37.47
735649	37.1
735650	37.3
