734285	32.34
734286	32.04
734290	32.02
734291	32.82
734292	32.35
734293	30.84
734296	30
734297	30.61
734298	29.83
734299	29.96
734300	29.48
734303	29.54
734304	30.18
734305	29.24
734306	29.27
734307	30.09
734310	30.14
734311	28.17
734312	28.13
734313	27.59
734314	26.93
734317	26.9
734318	26.49
734319	26.7
734320	26.56
734321	26.36
734325	26.62
734326	27.15
734327	28.12
734328	28.4
734331	28.14
734333	29.62
734334	29.72
734335	29.21
734338	29.23
734339	29.52
734340	28.86
734341	29.41
734342	30.14
734345	29.88
734346	29.09
734347	28.92
734348	28.32
734349	28.55
734352	29.13
734353	28.82
734354	28.5
734355	28.19
734356	28
734359	28.35
734360	28.22
734361	27.73
734362	28.03
734363	28.17
734366	28.19
734367	28.22
734368	28.21
734369	28.16
734370	28.45
734373	28.48
734374	27.95
734375	27.5
734376	27.14
734377	27.32
734380	27.19
734381	26.88
734382	27.69
734383	28.3
734384	28.3
734388	28.49
734389	28.67
734390	28.72
734391	28.96
734394	29.06
734395	29.22
734396	29.21
734397	29.12
734398	29.21
734401	29.24
734402	29.72
734403	29.79
734404	29.51
734405	30.36
734408	30.35
734409	33.81
734410	33.63
734411	33.5
734412	33.68
734415	33.11
734416	33.98
734417	34.06
734418	33.87
734419	33.98
734422	33.75
734423	34.04
734424	34.8
734425	34.49
734426	34.58
734429	34.41
734430	33.63
734431	34.03
734432	34.1
734433	34.07
734436	34.44
734437	34.14
734438	33.95
734439	34.14
734440	33.88
734443	34.05
734444	34.49
734445	35.18
734446	35.95
734447	35.14
734450	35.09
734451	35.24
734452	35.11
734453	35.21
734454	34.83
734457	34.51
734458	34.01
734459	34.01
734460	34.42
734461	34.76
734464	34.89
734465	33.98
734466	34.31
734468	33.68
734471	34.8
734472	34.85
734473	35.67
734474	36.11
734475	36.86
734478	36.35
734479	36.22
734480	36.47
734481	36.37
734482	36.43
734486	36.75
734487	37.13
734488	37.72
734489	37.58
734492	37.28
734493	36.83
734494	38.85
734495	39.19
734499	38.96
734500	39.47
734501	39.48
734502	39.24
734503	38.96
734506	39.32
734507	39.65
734508	40.2
734509	40.32
734510	40.08
734513	40.95
734514	40.83
734515	41.2
734516	41.64
734517	41.44
734521	41.97
734522	41.28
734523	41.61
734524	41.69
734527	41.49
734528	41.24
734529	41.29
734530	41.07
734534	40.44
734535	42.23
734536	41.97
734537	42.31
734538	42.37
734541	42.31
734542	42.78
734543	42.66
734544	42.58
734545	42.58
734548	42.17
734549	42.34
734550	42.19
734551	42.61
734552	42.74
734556	42.18
734558	41.32
734559	41.97
734562	43.34
734563	42.72
734564	41.84
734565	42.53
734566	42.23
734569	41.85
734570	42.39
734571	42.61
734572	41.96
734573	41.93
734576	41.59
734577	41.07
734578	40.61
734579	41.17
734583	41.97
734584	39.21
734585	39.83
734586	39.95
734587	39.64
734590	39.28
734591	39.93
734592	40
734593	40.14
734594	40.94
734597	40.83
734598	41.11
734599	41.22
734600	41.33
734601	41.01
734604	41.34
734605	41.27
734606	41.32
734607	41.45
734608	41.87
734611	41.65
734612	42.37
734613	42.56
734614	42.69
734618	42.45
734619	42.87
734620	42.88
734621	43.17
734622	42.72
734625	42.31
734626	43.12
734627	42.78
734628	42.5
734629	42.34
734632	43.1
734633	43.5
734634	44.09
734635	44.93
734636	44.97
734639	45.12
734640	44.3
734641	44.19
734642	44.23
734643	44.37
734646	44.5
734647	44.29
734648	44.14
734649	43.7
734650	43.71
734654	43.63
734655	43.32
734656	43.22
734657	43.15
734660	43.15
734661	42.93
734662	43.18
734663	43.6
734664	42.97
734667	43.5
734668	44.1
734669	43.79
734670	44.38
734671	44.67
734674	45.18
734675	43.28
734676	42.65
734677	42.59
734678	41.39
734681	41.72
734682	41.59
734683	41.76
734684	42.46
734685	42.83
734689	42.73
734690	43.38
734691	44.14
734692	44.07
734695	43.43
734696	42.55
734697	42.79
734698	42.15
734699	41.93
734702	41.67
734703	42.15
734704	41.8
734705	39.64
734706	40.02
734709	39.8
734710	39.73
734711	38.96
734712	39.18
734713	39.04
734716	39.1
734717	38.23
734718	38.14
734719	37.05
734720	37.03
734723	35.22
734724	35.65
734725	34.72
734726	34.08
734731	37.26
734732	36.14
734733	35.06
734734	34.45
734737	34.9
734738	34.68
734739	34.33
734740	34.11
734741	34.51
734744	35.46
734745	35.5
734746	35.21
734747	35.65
734748	34.77
734752	35.1
734753	36.08
734754	35.88
734755	35.33
734758	35.66
734759	35.83
734760	36.65
734761	37.3
734762	36.96
734765	37.05
734766	37.09
734767	36.37
734768	35.23
734769	34.89
734772	36.03
734773	33.77
734774	33.1
734775	32.53
734776	32.89
734779	32.47
734780	32.85
734781	33.12
734782	33.03
734783	33.41
734786	33.67
734787	33.79
734788	33.15
734789	32.96
734793	33.89
734794	33.83
734795	33.75
734796	33.59
734797	34.14
734800	34.31
734801	33.82
734802	33.25
734803	34.13
734804	33.81
734807	33.2
734808	32.37
734809	32.99
734810	32.72
734811	33.17
734814	33.14
734815	33.19
734816	31.72
734817	31.95
734818	32.85
734821	32.43
734822	32.55
734823	32.22
734824	32.28
734825	32.63
734828	31.29
734829	30.74
734830	32.09
734832	32.47
734835	32.79
734836	32.54
734837	33.72
734838	33.88
734839	33.12
734842	34.37
734843	34.01
734844	34.51
734845	33.88
734846	34.22
734849	33.89
734850	33.69
734851	33.61
734852	34.11
734853	34.13
734856	32.75
734857	33.5
734858	33.37
734859	33.92
734860	35.34
734864	33.36
734865	33.28
734866	33.43
734867	33.06
734870	33.06
734871	33.06
734872	32.83
734873	32.72
734874	33.08
734877	33.5
734878	34.4
734879	34.01
734880	33.27
734881	32.63
734886	33.75
734887	33.5
734888	33.48
734891	33.86
734892	34.27
734893	34.46
734894	34.69
734895	34.32
734898	33.63
734899	33.36
734900	33.22
734901	33.53
734902	33.65
734905	34.28
734906	33.46
734907	33.13
734908	34.21
734909	34.54
734912	34.79
734913	34.63
734914	33.82
734915	34.24
734916	34.71
734920	34.18
734921	34.29
734922	33.97
734923	33.86
734926	33.54
734927	33.41
734928	33.16
734929	32.77
734930	32.69
734933	33.3
734934	32.87
734935	32.79
734936	32.78
734937	33.48
734940	33.48
734941	33.25
734942	33.37
734944	34.21
734947	34.06
734948	33.81
734949	33.54
734950	33.38
734951	33.56
734954	34.37
734955	34.8
734956	34.75
734957	33.93
734958	33.49
734961	34.16
734962	33.85
734963	33.3
734964	32.84
734968	32.56
734969	32.21
734970	33.08
734971	33.29
734972	33.04
734975	33.3
734976	35.07
734977	35.51
734978	35.63
734979	35.93
734982	35.4
734983	35.24
734984	35.3
734985	35.39
734986	35.67
734989	35.06
734990	34.72
734991	34.15
734992	33.84
734993	33.65
734996	33.57
734997	34.09
734998	33.93
734999	34.05
735000	33.24
735003	32.85
735004	32.88
735005	32.78
735006	31.87
735007	31.31
735010	31.35
735011	31.25
735012	31.29
735014	31.36
735018	31.6
735019	30.93
735020	30.77
735021	29.93
735024	30.51
735025	30.58
735026	30.96
735027	30.98
735028	31.16
735031	31.22
735032	31.25
735033	30.88
735034	31.67
735035	31.8
735038	31.96
735039	30.09
735040	29.21
735041	29.15
735042	29.57
735045	28.99
735046	29.09
735047	29.42
735048	29.04
735049	29.58
735052	29.86
735053	29.61
735055	29.87
735056	29.62
735059	29.7
735060	29.92
735061	29.94
735062	30.1
735063	30.58
735066	30.5
735067	30.7
735068	30.97
735069	34.62
735070	34.6
735073	33.92
735074	34.05
735075	34.65
735076	34.99
735080	36.27
735081	36.36
735082	36.27
735083	35.75
735084	35.8
735087	35.79
735088	36.03
735089	36.24
735090	36.09
735091	36.17
735094	35.97
735095	35.71
735096	35.56
735097	35.52
735098	35.84
735101	36.03
735102	35.81
735103	35.55
735104	35.66
735105	35.65
735108	35.6
735109	35.4
735110	35.3
735111	35.21
735112	35.76
735116	35.7
735117	35.88
735118	35.2
735119	34.94
735122	35.14
735123	35.11
735124	35.37
735125	36.02
735126	36.02
735129	35.7
735130	35.66
735131	35.81
735132	35.55
735133	35.11
735136	35.67
735137	36.07
735138	35.82
735139	36.6
735140	36.44
735143	36.95
735144	36.91
735145	36.36
735146	36.34
735147	36.13
735150	35.92
735151	35.63
735152	35.63
735153	36.1
735154	35.94
735157	36.17
735158	36.37
735159	35.83
735160	36.13
735161	35.79
735164	36.33
735165	35.53
735166	35.45
735167	35.33
735168	35.19
735171	35.19
735173	35.23
735174	35.5
735175	34.89
735178	34.08
735179	33.94
735180	33.44
735181	32.77
735182	32.66
735185	32.76
735186	32.54
735187	32.26
735188	32.23
735189	32.16
735192	32.65
735193	32.72
735194	32.63
735196	33.09
735199	33.07
735200	33.03
735201	33.32
735202	33.75
735203	33.91
735206	34.28
735207	34.27
735208	35.57
735209	35.85
735210	36.1
735213	36.35
735214	36.65
735215	36.67
735216	36.51
735217	36.76
735220	37.14
735221	37.55
735222	37.24
735223	37.55
735224	36.31
735227	36.47
735229	36.66
735230	36.53
735231	36.54
735234	37.01
735236	38.06
735237	37.79
735238	37.18
735241	38.03
735242	38.17
735243	38.45
735244	38.57
735245	39.1
735248	39.04
735249	39.3
735250	39.39
735251	39.36
735252	39.21
735256	39.49
735257	39.52
735258	39.44
735259	39.67
735262	40.1
735263	40.06
735264	39.95
735265	39.87
735266	39.96
735269	40.01
735270	41.33
735271	41.44
735272	41.2
735273	41.31
735276	41.4
735277	41.48
735278	41.95
735279	41.48
735280	41.86
735284	41.7
735285	41.6
735286	41.62
735287	41.81
735290	40.64
735291	40.8
735292	41.17
735293	40.94
735294	41.32
735297	41.77
735298	40.72
735299	39.96
735300	40.13
735301	40.64
735304	41.28
735305	41.04
735306	42.78
735307	42.72
735308	42.58
735311	42.43
735312	44.74
735313	46.02
735314	45.81
735315	46.49
735318	46.19
735319	47.57
735320	47.31
735321	47.4
735325	46.97
735326	47.32
735327	46.45
735328	46.59
735329	47.01
735332	47.66
735333	48.31
735334	48.11
735335	48.67
735336	48.77
735339	48.62
735340	49.06
735341	48.42
735342	48.59
735343	49.35
735346	49.72
735347	49.82
735348	49.49
735349	49.7
735350	49.27
735353	49.42
735354	49.16
735355	48.94
735356	48.88
735357	48.02
735360	47.84
735361	48.87
735362	49.12
735363	47.81
735364	48.72
735367	49.07
735368	49.59
735369	50.03
735370	49.11
735371	49.61
735374	49.75
735375	50.11
735376	50.14
735377	50.4
735378	50.77
735382	50.23
735383	49.54
735384	49.01
735385	47.76
735388	48.5
735389	48.03
735390	48.63
735391	48.24
735392	49.42
735395	49.65
735396	49.54
735397	49.34
735398	50.07
735399	50.18
735402	50.38
735403	50.9
735404	50.23
735405	48.34
735406	48.71
735409	48.05
735410	45.22
735411	45.01
735412	44.9
735413	44.2
735416	44.34
735417	44.46
735418	44.12
735420	44.25
735423	45.33
735424	46.45
735425	46.45
735426	48.7
735427	48.76
735430	49.27
735431	49.26
735432	49.73
735433	50.54
735434	50.54
735437	50.61
735438	51.01
735439	51.08
735440	51.01
735441	50.82
735444	50.62
735445	50.01
735446	50.25
735447	51.13
735448	50.98
735451	50.96
735452	50.24
735453	49.69
735454	49.89
735455	49.61
735458	50.19
735459	50.54
735460	50.46
735461	49.36
735462	48.84
735465	48.52
735466	48.76
735467	48.42
735468	48.59
735469	48.79
735472	48.82
735473	47.25
735474	47.07
735475	47.58
735476	48.07
735480	48.74
735481	49.49
735482	50.19
735483	49.46
735486	50.22
735487	50.67
735488	50.75
735489	53.29
735490	53.46
735493	54.78
735494	54.92
735495	55.63
735496	55.99
735497	55.52
735500	56.23
735501	55.39
735502	54.85
735503	54.73
735504	54.51
735507	53.8
735508	56.24
735509	56.53
735510	55.96
735511	55.79
735514	55.19
735515	54.86
735516	55.01
735517	56
735518	55.96
735521	56.7
735522	56.3
735523	57.59
735524	58.76
735525	58.59
735528	58.38
735529	58.69
735530	58.79
735531	59.25
735532	59.19
735535	59.41
735536	59.76
735537	59.12
735538	59.24
735539	60.52
735542	60.15
735543	60.3
735544	59.84
735545	59.2
735546	59.7
735549	59.45
735550	59.48
735551	60.59
735552	60.12
735553	60.28
735556	60.12
735557	58.59
735558	59.4
735559	60.25
735560	60.5
735563	59.89
735564	59.54
735565	59.21
735567	59.2
735570	59.1
735571	58.71
735572	57.57
735573	56.11
735574	56.71
735577	56.66
735578	56.6
735579	57.68
735580	57.55
735581	57.01
735584	56.88
735585	56.25
735586	57.34
735587	56.94
735588	59.04
735591	57.54
735592	57.61
735594	57.67
735595	57.43
735598	57.84
735599	57.44
735601	56.63
735602	56.82
735605	57.14
735606	57.51
735607	59.36
735608	61.14
735609	60.36
735612	60.2
735613	60
735614	59.49
735615	59.89
735616	59.16
735620	58.73
735621	58.91
735622	58.35
735623	57.23
735626	57.4
735627	57.02
735628	56.5
735629	57.26
735630	57.35
735633	55.57
735634	55.95
735635	57.85
735636	59.22
735637	60.96
735640	60.65
735641	64.2
735642	65.42
735643	66.39
735644	64.78
735648	64.54
735649	65.51
735650	66.55
