734279	49.23
734282	48.49
734283	48.67
734284	48
734285	49.73
734286	49.47
734290	48.6
734291	49.78
734292	49.72
734293	48.61
734296	48.27
734297	49.09
734298	48.79
734299	49.99
734300	50.41
734303	50.05
734304	51.23
734305	50.83
734306	51.71
734307	51.35
734310	51.17
734311	51.01
734312	51.11
734313	50.54
734314	51.12
734317	51.07
734318	49.73
734319	49.25
734320	48.93
734321	48.54
734325	48.58
734326	49.95
734327	50.09
734328	51.15
734331	51.12
734333	51.39
734334	50.3
734335	49.62
734338	49.71
734339	50.35
734340	49.87
734341	49.29
734342	50.14
734345	50.45
734346	50.58
734347	50.29
734348	50.52
734349	50.45
734352	50.85
734353	50.12
734354	50.68
734355	50.67
734356	50.27
734359	50.61
734360	49.4
734361	48.96
734362	49.63
734363	50.14
734366	49.91
734367	49.91
734368	50.08
734369	49.84
734370	50.09
734373	49.74
734374	49.26
734375	49.52
734376	49.03
734377	49.87
734380	48.95
734381	48.99
734382	50.31
734383	50.22
734384	51.03
734388	50.13
734389	49.86
734390	50.27
734391	50.06
734394	50.44
734395	51.02
734396	52.49
734397	52.7
734398	52.67
734401	53.56
734402	52.93
734403	52.33
734404	52.4
734405	53.12
734408	52.16
734409	52.69
734410	51.99
734411	52.1
734412	52.12
734416	52.87
734417	52.82
734418	52.61
734419	52.81
734422	52.95
734423	52.82
734424	53.41
734425	53.46
734426	53.63
734429	54.4
734430	53.76
734431	54.64
734432	54.98
734433	55.1
734436	55.59
734437	55.03
734438	54.73
734439	54.74
734440	55.2
734443	55.77
734444	55.52
734445	55.91
734446	57.24
734447	57.44
734450	56.58
734451	56.58
734452	56.76
734453	56.41
734454	56.31
734457	56.78
734458	54.73
734459	55.37
734460	55.79
734461	55.49
734464	55.03
734465	54.3
734466	55.11
734468	54.37
734471	54.18
734472	53.99
734474	55.11
734475	54.86
734478	55.02
734479	54.84
734480	55.06
734481	54.63
734482	54.78
734485	54.78
734486	55.34
734487	55.15
734488	55.36
734489	55.18
734492	55.45
734493	55.87
734494	55.85
734495	55.48
734499	55.79
734500	55.66
734501	55.59
734502	55.54
734503	55.71
734506	55.82
734507	55.57
734508	55.24
734509	54.39
734510	53.33
734513	53.85
734514	53.9
734515	54.59
734516	54.67
734517	54.63
734521	54.67
734522	54.45
734523	54.88
734524	55
734528	56.23
734529	56.2
734530	56.63
734534	56.26
734535	56.81
734536	56.71
734537	57.25
734538	57.41
734541	57.18
734542	57.88
734543	58.81
734544	58.46
734545	58.99
734548	58.84
734549	59.35
734550	59.46
734551	59.78
734552	60.92
734556	60.53
734558	59.33
734559	59.6
734562	59.93
734563	59.22
734564	58.81
734565	59.05
734566	59.18
734569	58.96
734570	59.06
734571	59.4
734572	58.52
734573	58.88
734576	58.86
734577	58.52
734578	58.05
734579	58.68
734583	58.95
734584	58.28
734585	58.43
734586	58.83
734587	58.98
734590	58.91
734591	59.26
734592	59.39
734593	59.48
734594	59.71
734597	59.63
734598	59.13
734599	59.94
734600	59.79
734601	59.58
734604	60.42
734605	59.69
734606	59.93
734607	59.63
734608	59.8
734611	59.01
734612	58.18
734613	59.13
734614	61.32
734618	61.78
734619	61.39
734621	63.06
734622	63.28
734625	63.52
734626	64.05
734627	63.54
734628	63
734629	63.43
734632	63.39
734633	63.86
734634	63.25
734635	63.85
734636	62.33
734639	62.94
734640	62.57
734641	63
734642	62.81
734643	62.25
734646	61.44
734647	61.02
734648	61.46
734649	61.21
734650	61.52
734654	62.08
734655	61.2
734656	61.18
734657	61.18
734660	61.18
734661	61.23
734662	60.69
734663	61.08
734664	59.21
734667	58.76
734668	58.65
734669	57.54
734670	57.76
734671	57.92
734674	57.57
734675	58.08
734676	57.32
734677	57.16
734678	56.68
734681	57.22
734682	57.55
734683	58.57
734684	58.38
734685	59.11
734689	58.53
734690	58.61
734691	58.9
734692	58.66
734695	58.25
734696	58.33
734697	58.47
734698	57.73
734699	57.9
734703	57.03
734704	57.06
734705	57.69
734706	57.58
734709	56.65
734710	56.8
734711	56.27
734712	55.5
734713	55.13
734716	54.61
734717	54.16
734718	54.22
734719	53.31
734720	52.57
734723	48.58
734724	49.99
734725	49.04
734726	50.66
734731	51.98
734732	52.2
734733	49.79
734734	49.46
734737	49.12
734738	49.35
734739	49.51
734740	47.99
734741	48.3
734744	50.75
734745	50.21
734746	50.46
734747	50.21
734748	48.87
734752	48.53
734753	50.22
734754	49.34
734755	48.14
734758	48.96
734759	48.97
734760	48.94
734761	49.84
734762	50.61
734765	49.9
734766	50.42
734767	48.19
734768	47.38
734769	47.12
734772	48.34
734773	49.24
734774	49.03
734775	49.69
734776	48.73
734779	46.8
734780	48.08
734781	48.07
734782	49.57
734783	49
734786	51.1
734787	50.42
734788	51.44
734789	50.45
734793	49.58
734794	51.46
734795	54.39
734796	54.53
734797	57.35
734800	57.62
734801	56.34
734802	57.5
734803	58.79
734804	59.48
734807	58.35
734808	56.43
734809	57.71
734810	58.58
734811	58.14
734814	58.62
734815	59.03
734816	56.92
734817	57.4
734818	58.43
734821	57.53
734822	57.29
734823	56.34
734824	55.73
734825	56.22
734828	54.76
734829	53.94
734830	52.76
734832	53.41
734835	54.22
734836	54.07
734837	56.25
734838	55.04
734839	54.24
734842	54.67
734843	55.35
734844	55.9
734845	55.53
734846	56.02
734849	55.83
734850	55.93
734851	55.97
734852	56.81
734853	57.28
734856	56.71
734857	58.15
734858	59.09
734859	59.19
734860	59.35
734864	59.53
734865	58.86
734866	59.68
734867	59.17
734870	59.17
734871	58.99
734872	58.75
734873	59.33
734874	59.35
734877	59.69
734878	60.1
734879	59.9
734880	59.8
734881	59.37
734886	59.89
734887	60.3
734888	61.59
734891	60.29
734892	58
734893	57.88
734894	59.15
734895	58.7
734898	58.11
734899	58.3
734900	59.27
734901	59.39
734902	60.12
734905	59.33
734906	59.74
734907	59.85
734908	59.89
734909	59.38
734912	58.99
734913	59.16
734914	59.29
734915	59.44
734916	59.85
734920	59.27
734921	58.94
734922	58.96
734923	58.6
734926	58.6
734927	58.4
734928	57.97
734929	58.42
734930	58.01
734933	58.5
734934	56.99
734935	56.87
734936	57.1
734937	57.61
734940	57.61
734941	58.41
734942	58.95
734944	59.2
734947	59.12
734948	59.16
734949	58.51
734950	57.97
734951	58.2
734954	58.85
734955	58.48
734956	58.77
734957	58.65
734958	59.2
734961	59.33
734962	59.28
734963	59.22
734964	58.88
734968	58.05
734969	57.75
734970	58.17
734971	59.1
734972	58.12
734975	59.16
734976	59.99
734977	59.47
734978	61.7
734979	62.75
734982	62.91
734983	63.37
734984	63.78
734985	64.77
734986	64.01
734989	64.32
734990	64.6
734991	64.74
734992	64.75
734993	64.5
734996	64.59
734997	64.39
734998	63.92
734999	64.64
735000	64.62
735003	64.48
735004	64.15
735005	63.61
735006	62.7
735007	62.18
735010	62.7
735011	62.82
735012	63.12
735014	62.6
735018	62.88
735019	61.89
735020	62.34
735021	60.58
735024	60.38
735025	60.8
735026	61.64
735027	61.91
735028	62.14
735031	61.56
735032	61.94
735033	61.65
735034	63.12
735035	63.41
735038	63.07
735039	63.45
735040	63.85
735041	62.58
735042	63.35
735045	62.15
735046	62.15
735047	62.83
735048	62.85
735049	63.84
735052	63.92
735053	64.13
735055	64.16
735056	63.26
735059	63.07
735060	63.21
735061	62.53
735062	62.24
735063	63.13
735066	62.55
735067	63.31
735068	64
735069	63.69
735070	62.71
735073	61.74
735074	60.73
735075	60.98
735076	61.86
735080	63.21
735081	62.65
735082	63.35
735083	62.87
735084	63.71
735087	63.52
735088	63.37
735089	63.81
735090	63.89
735091	63.98
735094	63.73
735095	63.54
735096	63.75
735097	64.03
735098	65.13
735101	65.64
735102	65.07
735103	65.45
735104	64.8
735105	65.4
735108	65.18
735109	64.84
735110	64.8
735111	64.49
735112	64.74
735116	64.64
735117	64.53
735118	65.34
735119	65.21
735122	65.31
735123	66.95
735124	67.55
735125	68.45
735126	68.58
735129	68.48
735130	68.46
735131	68.23
735132	68.45
735133	68.61
735136	68.42
735137	68.48
735138	67.78
735139	68.41
735140	68.26
735143	69.07
735144	68.7
735145	69.01
735146	69.21
735147	69.56
735150	69.54
735151	69.29
735152	69.4
735153	69.16
735154	68.72
735157	69.79
735158	70.49
735159	71.38
735160	73.98
735161	73.51
735164	73.99
735165	73.21
735166	73.18
735167	72.12
735168	71.56
735171	71.56
735173	70.94
735174	70.23
735175	69.62
735178	69.11
735179	70.17
735180	68.71
735181	69
735182	68.98
735185	68.43
735186	68.23
735187	68.07
735188	68.32
735189	68.65
735192	69.54
735193	69.64
735194	70.22
735196	71.27
735199	70.86
735200	70.83
735201	70.96
735202	71.18
735203	70.82
735206	70.95
735207	70.53
735208	74
735209	73.15
735210	73.39
735213	73.34
735214	73.43
735215	73.31
735216	73.23
735217	73.37
735220	74.19
735221	74.33
735222	73.43
735223	73.82
735224	72.82
735227	72.36
735229	72.27
735230	71.82
735231	71.24
735234	71.82
735236	72.86
735237	73.42
735238	74.06
735241	73.06
735242	73.19
735243	73.94
735244	74.45
735245	74.85
735248	74.95
735249	75.56
735250	75.55
735251	75.9
735252	76.31
735256	77.95
735257	77.64
735258	78.09
735259	78.35
735262	77.35
735263	77.81
735264	77.69
735265	77.58
735266	78.46
735269	78
735270	78.65
735271	78.96
735272	78.69
735273	79.12
735276	78.86
735277	79.21
735278	79.9
735279	79.99
735280	80.34
735284	80.6
735285	80.11
735286	80.38
735287	81.01
735290	79.25
735291	80.04
735292	80.78
735293	80.42
735294	80.69
735297	80.52
735298	81.46
735299	81.07
735300	81.2
735301	81.65
735304	81.75
735305	81.74
735306	82.12
735307	82.36
735308	82.28
735311	82.53
735312	83.19
735313	83.84
735314	83.75
735315	83.69
735318	83.37
735319	83.36
735320	83.15
735321	83.82
735325	83.95
735326	84.41
735327	83.79
735328	84.34
735329	84.41
735332	84.73
735333	85.27
735334	84.81
735335	86.06
735336	86.26
735339	84.71
735340	86.55
735341	85.15
735342	84.07
735343	84.81
735346	84.58
735347	86.69
735348	85.76
735349	85.27
735350	85.15
735353	85.48
735354	85.4
735355	84.1
735356	84.42
735357	85.41
735360	85.31
735361	85.95
735362	87.28
735363	86.46
735364	86.49
735367	86.5
735368	87.9
735369	87.78
735370	86.87
735371	86.5
735374	85.55
735375	83.63
735376	83.77
735377	83.5
735378	83.6
735382	83.22
735383	83.67
735384	84.56
735385	83.72
735388	83.76
735389	83.82
735390	82.24
735391	81.74
735392	83.44
735395	83.3
735396	82.08
735397	81.45
735398	82.8
735399	82.15
735402	83.23
735403	84.09
735404	82.28
735405	79.78
735406	79.07
735409	77.85
735410	78.43
735411	79.79
735412	80.34
735413	79.92
735416	81.11
735417	79.82
735418	80.4
735420	81.34
735423	81.76
735424	82.05
735425	82.05
735426	82.7
735427	84.18
735430	83.28
735431	83.23
735432	83.99
735433	84.53
735434	84.53
735437	84.66
735438	82.21
735439	82.18
735440	82.85
735441	83.6
735444	83.41
735445	83.39
735446	83.55
735447	84.36
735448	84
735451	83.15
735452	82.36
735453	81.86
735454	82.03
735455	82.1
735458	82.32
735459	81.94
735460	82.18
735461	81.07
735462	81.1
735465	80.23
735466	80.27
735467	79.42
735468	80.55
735469	80.19
735472	80.12
735473	79.74
735474	79.89
735475	80.25
735476	79.9
735480	80.57
735481	81.07
735482	80.66
735483	80.49
735486	82.19
735487	82.54
735488	83.73
735489	83.12
735490	83.56
735493	84.57
735494	84.87
735495	85.91
735496	86.9
735497	86.06
735500	86.38
735501	85.87
735502	85.98
735503	85.83
735504	85.41
735507	84.77
735508	84.66
735509	84.48
735510	84.06
735511	84.68
735514	84.09
735515	82.99
735516	82.35
735517	84.17
735518	84.66
735521	85.2
735522	84.48
735523	86.08
735524	86.02
735525	86.58
735528	86.76
735529	86.71
735530	86.28
735531	87.03
735532	86.63
735535	87.11
735536	87.28
735537	86.9
735538	86.3
735539	86.4
735542	86.6
735543	86.46
735544	87.49
735545	87.22
735546	87.8
735549	87.97
735550	86.44
735551	87.22
735552	88.25
735553	88.67
735556	88.18
735557	88.09
735558	87.93
735559	89.22
735560	90.52
735563	90.79
735564	90.79
735565	90.99
735567	90.74
735570	89
735571	89.03
735572	88.61
735573	87.92
735574	89.01
735577	88.45
735578	88.44
735579	87.1
735580	86.63
735581	86.49
735584	87.05
735585	86.57
735586	88.14
735587	88.79
735588	89.18
735591	89.16
735592	89.49
735594	90.01
735595	89.85
735598	90.28
735599	90.54
735601	89.33
735602	89.16
735605	88.92
735606	88.4
735607	87.58
735608	87.68
735609	87.49
735612	86.34
735613	87.45
735614	87.88
735615	87.24
735616	86.47
735620	85
735621	84.56
735622	83.07
735623	81.61
735626	82.29
735627	83.1
735628	82.21
735629	82.36
735630	81.28
735633	80.26
735634	80.35
735635	80.44
735636	80.69
735637	80.88
735640	82.35
735641	83.21
735642	82.26
735643	82.88
735644	84.02
735648	84.37
735649	84.01
735650	83.81
