734290	41.24
734291	41.48
734292	42.94
734293	41.19
734296	40.15
734297	39.65
734298	39.5
734299	40.82
734300	41.47
734303	41.58
734304	41.71
734305	41.42
734306	42.11
734307	42.73
734310	43.24
734311	42.72
734312	41.98
734313	41.57
734314	41.95
734317	41.81
734318	40.42
734319	40.18
734320	39.98
734321	39.67
734325	39.25
734326	40.06
734327	40.78
734328	40.76
734331	40.48
734332	40.99
734333	40.49
734334	40.49
734335	40.03
734338	39.41
734339	40.09
734340	39.43
734341	39.98
734342	38.72
734345	39.54
734346	39.31
734347	38.69
734348	36.88
734349	37.32
734352	36.8
734353	36.32
734354	37.83
734355	38.06
734356	38.22
734359	38.28
734360	38.27
734361	38.03
734362	37.81
734363	38.58
734366	38.13
734367	38.76
734368	39.01
734369	38.59
734370	38.09
734373	38.39
734374	37.37
734375	37.34
734376	36.91
734377	36.73
734380	36.4
734381	35.34
734382	36.15
734383	37.25
734384	37.11
734388	37.41
734389	36.57
734390	36.7
734391	37.14
734394	37.34
734395	37.69
734396	37.9
734397	39.51
734398	39.5
734401	39.33
734402	39.25
734403	39.12
734404	38.7
734405	39.5
734408	39.48
734409	40.59
734410	40.15
734411	40.19
734412	40.36
734415	39.78
734416	40.57
734417	40.93
734418	41.1
734419	40.93
734422	41.05
734423	40.97
734424	40.8
734425	40.61
734426	40.76
734429	40.54
734430	39.87
734431	39.5
734432	40
734433	39.53
734436	40.19
734437	40.57
734438	40.26
734439	40.3
734440	39.87
734443	39.66
734444	39.88
734445	39.96
734446	40.34
734447	41.73
734450	41.35
734451	43.5
734452	44.84
734453	44.68
734454	44.09
734457	43.69
734458	42.6
734459	42.44
734460	43.48
734461	42.86
734464	42.74
734465	42.11
734466	42.85
734468	42.32
734471	42.3
734472	42.07
734473	42.94
734474	43.04
734475	42.94
734478	42.87
734479	42.9
734480	43
734481	43.4
734482	43.53
734485	43.39
734486	45.09
734487	45.42
734488	46.15
734489	46.48
734492	45.96
734493	45.38
734494	46.26
734495	45.99
734499	45.91
734500	45.66
734501	45.66
734502	45.65
734503	45.66
734506	47.45
734507	47.06
734508	46.93
734509	46.46
734510	46.2
734513	46.23
734514	47.1
734515	46.87
734516	47.32
734517	47.43
734521	47.45
734522	48.01
734523	47.77
734524	47.71
734527	47.2
734528	47.34
734529	47.84
734530	47.8
734531	47.08
734534	47.47
734535	49.15
734536	48.98
734537	49.24
734538	48.87
734541	49.24
734542	49.65
734543	49.74
734544	49.83
734545	50.51
734548	51.08
734549	50.43
734550	50.61
734551	51.09
734552	51.42
734556	50.55
734558	50.31
734559	50.73
734562	51.45
734563	51.44
734564	51.43
734565	53.01
734566	52.98
734569	53.06
734570	53.37
734571	53.46
734572	52.52
734573	52.73
734576	52
734577	51.09
734578	50.43
734579	51.68
734583	52.98
734584	52.03
734585	51.59
734586	51.87
734587	51.95
734590	51.6
734591	52.11
734592	52.11
734593	51.94
734594	52.66
734597	52.82
734598	52.41
734599	52.72
734600	52.52
734601	52.42
734604	52.95
734605	52.48
734606	52.39
734607	52.8
734608	53.8
734611	52.67
734612	53.54
734613	53.87
734614	54.94
734618	55.09
734619	55.61
734620	56.5
734621	56.22
734622	55.69
734625	55.52
734626	55.67
734627	54.98
734628	54.58
734629	54.58
734632	55.44
734633	56.24
734634	55.65
734635	56.13
734636	55.84
734639	55.84
734640	56.12
734641	57.4
734642	57.48
734643	56.91
734646	55.39
734647	55.41
734648	55.31
734649	54.63
734650	54.53
734654	55
734655	54.8
734656	54.86
734657	54.22
734660	54.22
734661	54.31
734662	54.17
734663	54.92
734664	53.54
734667	53.44
734668	54.13
734669	52.26
734670	52.01
734671	52.5
734674	52.91
734675	53.51
734676	53.05
734677	52.82
734678	52.33
734681	52.98
734682	53.8
734683	53.43
734684	53.23
734685	54.22
734689	53.78
734690	54.01
734691	54.27
734692	54.07
734695	52.29
734696	52.65
734697	52.94
734698	52.58
734699	52.14
734702	51.57
734703	52.02
734704	51.8
734705	52.92
734706	51.89
734709	50.25
734710	52.08
734711	51.81
734712	50.72
734713	50.79
734716	49.88
734717	48.98
734718	48.81
734719	46.42
734720	46.37
734723	44.07
734724	44.38
734725	44.7
734726	48.53
734731	49.9
734732	50.43
734733	48.59
734734	47.82
734737	48.12
734738	50.57
734739	51.19
734740	50.22
734741	50.59
734744	52
734745	52.08
734746	52.18
734747	51.56
734748	50.53
734752	50.24
734753	51.34
734754	49.71
734755	47.72
734758	47.54
734759	47.74
734760	48.23
734761	47.69
734762	48.36
734765	47.18
734766	47.47
734767	45.93
734768	44.77
734769	45.56
734772	46.17
734773	46.47
734774	45.21
734775	45.15
734776	44.1
734779	42.45
734780	42.98
734781	43.51
734782	43.68
734783	43.53
734786	45.36
734787	44.83
734788	45.82
734789	45.33
734793	44.77
734794	44.54
734795	45.16
734796	43.89
734797	45.33
734800	46.95
734801	45.35
734802	44.77
734803	46.66
734804	48.25
734807	47.04
734808	45.15
734809	45.45
734810	45.72
734811	45.61
734814	46.52
734815	47.31
734816	45.04
734817	46.57
734818	47.59
734821	47.31
734822	48.15
734823	47.4
734824	46.34
734825	45.61
734828	44.51
734829	44.35
734830	43.37
734832	42.87
734835	44.47
734836	43.79
734837	45.55
734838	46.45
734839	45.33
734842	45.41
734843	44.69
734844	44.72
734845	43.38
734846	44.36
734849	43.41
734850	42.36
734851	42.16
734852	43.55
734853	43.34
734856	42.82
734857	44.37
734858	44.15
734859	44.82
734860	45.5
734864	45.84
734865	44.86
734866	45.05
734867	45.01
734870	45.01
734871	45.76
734872	45
734873	45.12
734874	46
734877	45.99
734878	46.12
734879	46.17
734880	45.8
734881	45.5
734886	46.25
734887	48.05
734888	48.04
734891	48.23
734892	48.89
734893	49.36
734894	49.72
734895	51.29
734898	51.53
734899	51.5
734900	52.22
734901	52.13
734902	52.74
734905	52.62
734906	52.64
734907	52.47
734908	52.1
734909	51.7
734912	51.88
734913	52.31
734914	51.98
734915	52.6
734916	52.3
734920	52.18
734921	52.45
734922	51.7
734923	52.88
734926	52.65
734927	52.84
734928	52.25
734929	52.29
734930	51.96
734933	52.15
734934	50.83
734935	51.49
734936	51.22
734937	52.39
734940	52.39
734941	53.89
734942	53.97
734944	53.92
734947	53.73
734948	53.87
734949	53.81
734950	53.61
734951	54.13
734954	54.58
734955	54.4
734956	53.81
734957	53.93
734958	54.68
734961	54.73
734962	54.1
734963	53.82
734964	53.89
734968	52.93
734969	52.28
734970	52.5
734971	53.9
734972	53.24
734975	53.5
734976	54.12
734977	53.99
734978	54.2
734979	54.55
734982	53.93
734983	54.19
734984	54.74
734985	55.04
734986	55.34
734989	55.23
734990	55.76
734991	55.5
734992	55.45
734993	54.16
734996	54.25
734997	55.02
734998	54.23
734999	54.74
735000	55.22
735003	55.15
735004	54.75
735005	54.42
735006	53.67
735010	53.39
735011	53.26
735012	53.01
735014	53.32
735018	53.11
735019	51.9
735020	51.64
735021	50.67
735024	50.8
735025	51.2
735026	51.78
735027	51.61
735028	52.27
735031	51.86
735032	52.17
735033	52.07
735034	52.52
735035	52.93
735038	53
735039	53.64
735040	53.52
735041	52.44
735042	52.64
735045	52.25
735046	52.35
735047	52.64
735048	52.49
735049	53.5
735052	54.12
735053	54.24
735055	53.93
735056	53.22
735059	53.63
735060	53.06
735061	53.1
735062	52.58
735063	52.85
735066	52.35
735067	52.9
735068	53.21
735069	53.64
735070	53.3
735073	51.36
735074	50.61
735075	51.15
735076	53.4
735080	55.97
735081	55.88
735082	56.01
735083	55.12
735084	56.42
735087	56.58
735088	57.18
735089	56.87
735090	56.53
735091	57.17
735094	57.22
735095	57.4
735096	57.25
735097	57.59
735098	57.27
735101	56.87
735102	56.68
735103	55.04
735104	55.07
735105	55.62
735108	55.55
735109	55.5
735110	55.93
735111	55.84
735112	56.05
735116	56.26
735117	56.12
735118	56.73
735119	57.14
735122	56.79
735123	56.99
735124	56.85
735125	57.78
735126	59.02
735129	59.27
735130	59.46
735131	59.57
735132	59.63
735133	59.77
735136	60.33
735137	59.53
735138	59.68
735139	59.76
735140	59.42
735143	59.28
735144	59.41
735145	59.85
735146	60.15
735147	60.44
735150	59.79
735151	57.88
735152	57.56
735153	57.64
735154	57.74
735157	57.67
735158	58.53
735159	58.18
735160	57.3
735161	56.4
735164	56.32
735165	55.77
735166	55.14
735167	54.85
735168	54.78
735171	54.78
735173	54.95
735174	55.5
735175	55.45
735178	55.65
735179	55.78
735180	54.44
735181	53.36
735182	55.59
735185	55.59
735186	56.02
735187	55.88
735188	55.65
735189	56.17
735192	56.75
735193	56.84
735194	56.42
735196	57.42
735199	57.47
735200	57.39
735201	57.6
735202	58.21
735203	58.11
735206	57.57
735207	57.93
735208	57.62
735209	58.01
735210	58.14
735213	57.83
735214	58.13
735215	58.42
735216	57.76
735217	57.25
735220	57.79
735221	58.11
735222	57.52
735223	57.98
735224	57.4
735227	57.18
735229	56.79
735230	57.35
735231	56.31
735234	57.74
735236	58.4
735237	58.3
735238	58.72
735241	59.25
735242	59.52
735243	59.88
735244	60.16
735245	60.16
735248	59.84
735249	59.92
735250	60.04
735251	60.28
735252	61
735256	61.45
735257	60.93
735258	61.67
735259	62.28
735262	62.62
735263	63.36
735264	63.35
735265	62.82
735266	62.34
735269	61.83
735270	62.26
735271	62.39
735272	62.59
735273	62.7
735276	63.28
735277	63.33
735278	63.4
735279	63.28
735280	62.99
735284	63.56
735285	63.02
735286	62.22
735287	62.79
735290	61.7
735291	61.8
735292	63.33
735293	63.57
735294	63.58
735297	63.96
735298	64.71
735299	64.85
735300	64.88
735301	65.17
735304	65.52
735305	65.6
735306	66.02
735307	65.67
735308	65.42
735311	64.84
735312	64.76
735313	65.5
735314	66.28
735315	66.64
735318	66.71
735319	67.53
735320	67.57
735321	67.79
735325	67.69
735326	68.01
735327	67.86
735328	67.8
735329	67.28
735332	67.15
735333	67.35
735334	67.94
735335	68.55
735336	67.84
735339	66.14
735340	66.64
735341	66.12
735342	65.95
735343	66.55
735346	66.15
735347	66.78
735348	66.67
735349	66.37
735350	61.96
735353	63.1
735354	63.78
735355	63.57
735356	64.23
735357	64.35
735360	65.14
735361	64.96
735362	65.88
735363	65.75
735364	66.18
735367	66.2
735368	66.55
735369	66.42
735370	65.67
735371	65.77
735374	65.54
735375	65.8
735376	65.25
735377	65.21
735378	65.17
735382	66.05
735383	65.17
735384	64.82
735385	63.6
735388	63.81
735389	63.81
735390	63.65
735391	64.73
735392	64.76
735395	64.83
735396	63.88
735397	63.52
735398	64.99
735399	65.92
735402	66.27
735403	65.94
735404	63.57
735405	61.33
735406	61.85
735409	61.41
735410	61.13
735411	62.4
735412	63.09
735413	62.84
735416	57.41
735417	57.12
735418	57.76
735420	58.27
735423	58.28
735424	57.97
735425	57.97
735426	59.35
735427	59.52
735430	59.84
735431	60.07
735432	60.46
735433	60.75
735434	60.75
735437	61.93
735438	61.28
735439	60.65
735440	61.02
735441	60.96
735444	60.76
735445	61.02
735446	61.63
735447	62.93
735448	63.27
735451	63.57
735452	63.6
735453	63.34
735454	63.8
735455	63.7
735458	63.79
735459	63.71
735460	63.29
735461	61.85
735462	60.25
735465	60.9
735466	60.96
735467	60.37
735468	60.74
735469	60.88
735472	60.93
735473	59.75
735474	59.68
735475	60.17
735476	59.4
735480	59.59
735481	60.75
735482	60.69
735483	60.75
735486	61.14
735487	61.53
735488	61.92
735489	61.4
735490	60.45
735493	61.31
735494	61.72
735495	62.86
735496	63.19
735497	63.05
735500	62.61
735501	61.94
735502	61.12
735503	60.97
735504	60.96
735507	60.94
735508	61.09
735509	60.77
735510	60.53
735511	60.3
735514	60.55
735515	59.82
735516	60.08
735517	60.37
735518	61.34
735521	61.76
735522	61.12
735523	62.4
735524	63.6
735525	63.27
735528	63.49
735529	64.17
735530	64.76
735531	64.27
735532	64.1
735535	64.21
735536	64.51
735537	64.08
735538	64.11
735539	64.09
735542	64.65
735543	64.33
735544	65.22
735545	64.94
735546	63.84
735549	64
735550	64.48
735551	65.14
735552	66.08
735553	67.25
735556	66.52
735557	66.6
735558	66.37
735559	66.68
735560	66.87
735563	67.05
735564	68.22
735565	68.42
735567	68.26
735570	67.49
735571	67.24
735572	66.91
735573	67.49
735574	68.07
735577	68.13
735578	67.8
735579	66.25
735580	65.7
735581	65.81
735584	66.33
735585	65.59
735586	67.36
735587	67.42
735588	66.8
735591	66.94
735592	67.53
735594	67.49
735595	67.82
735598	67.91
735599	68.1
735601	67.42
735602	67.82
735605	67.35
735606	68.06
735607	68.25
735608	69.31
735609	69.67
735612	68.77
735613	69.69
735614	69.96
735615	69.68
735616	68.2
735620	68.19
735621	68.09
735622	67.14
735623	68
735626	67.71
735627	68.85
735628	67.93
735629	68.56
735630	68.24
735633	66.35
735634	66.55
735635	66.42
735636	66.57
735637	67.75
735640	69.04
735641	69.91
735642	70.49
735643	70.97
735644	71
735648	71.34
735649	70.78
735650	71.28
