734290	34.26
734291	37.29
734292	35.81
734293	34.1
734296	32.07
734297	33.58
734298	32.66
734299	35.31
734300	36.05
734303	36.76
734304	38.53
734305	37.68
734306	37.14
734307	38.49
734310	38.98
734311	37.42
734312	38.27
734313	36.88
734314	37.55
734317	36.44
734318	33.96
734319	33.87
734320	33.98
734321	33.26
734325	34.17
734326	36.43
734327	36.6
734328	37.75
734331	36.56
734332	36.35
734333	36.48
734334	35.75
734335	33.99
734338	34.09
734339	36.33
734340	36.5
734341	39.23
734342	39.28
734345	39.59
734346	37.9
734347	37.7
734348	38.2
734349	38.33
734352	40.1
734353	39.43
734354	41.74
734355	42.78
734356	43.82
734359	42.6
734360	40.79
734361	39.35
734362	39.83
734363	39.34
734366	39.47
734367	40.79
734368	40.45
734369	40.96
734370	40.69
734373	39.69
734374	37.33
734375	36.44
734376	35.1
734377	36.19
734380	35.11
734381	37.13
734382	39.07
734383	39.42
734384	39.85
734388	39.43
734389	39.89
734390	39.56
734391	40.18
734394	41.07
734395	40.51
734396	39.45
734397	39.81
734398	39.35
734401	40.2
734402	40.32
734403	40.46
734404	40.61
734405	41.22
734408	41.1
734409	41.3
734410	41.99
734411	41.15
734412	42.5
734415	41.52
734416	42.85
734417	43.92
734418	43.49
734419	45.05
734422	45.76
734423	45.3
734424	47.14
734425	46.77
734426	46.67
734429	45.87
734430	44.09
734431	45.98
734432	44.99
734433	44.5
734436	45.79
734437	45.96
734438	45.25
734439	45.05
734440	45.17
734443	46.11
734444	45.72
734445	43.96
734446	45.71
734447	44.45
734450	48.26
734451	47.47
734452	47.99
734453	49.82
734454	48.62
734457	48.36
734458	46.6
734459	46.2
734460	46.98
734461	50.8
734464	51.54
734465	50.46
734466	50.88
734468	50.8
734471	50.03
734472	49.56
734473	50.69
734474	53.02
734475	54.24
734478	55.18
734479	54.48
734480	52.45
734481	52.93
734482	52.87
734485	52.86
734486	52.74
734487	51.69
734488	51.61
734489	51.94
734492	53.61
734493	55.1
734494	55.59
734495	55.42
734499	55.43
734500	55.46
734501	57.91
734502	60.16
734503	60.03
734506	61.47
734507	63.1
734508	65.41
734509	64.33
734510	65.25
734513	64.63
734514	67.38
734515	66.38
734516	64
734517	59.04
734521	59.52
734522	57.23
734523	57.68
734524	55.22
734527	56.66
734528	55.98
734529	57.88
734530	56.34
734531	57.88
734534	53.73
734535	55.7
734536	54.74
734537	53.9
734538	53.09
734541	53.57
734542	54.09
734543	52.52
734544	53.64
734545	53.79
734548	55.34
734549	56.2
734550	57.44
734551	57.35
734552	55.13
734556	52.59
734558	53.73
734559	54.65
734562	54.22
734563	52.57
734564	54.01
734565	56.52
734566	56.77
734569	55.47
734570	55.44
734571	53.33
734572	50.29
734573	51.09
734576	52.93
734577	52.67
734578	52.92
734579	55.02
734583	56.04
734584	56.92
734585	58.63
734586	59.65
734587	60.05
734590	58.74
734591	59.38
734592	59.59
734593	59.37
734594	60.26
734597	60.47
734598	60.41
734599	58.02
734600	57.49
734601	57.1
734604	56.07
734605	54.02
734606	53.89
734607	53.45
734608	55.13
734611	54.34
734612	54.6
734613	56.22
734614	57.08
734618	56.44
734619	55.82
734620	55.96
734621	56.55
734622	58.17
734625	57.57
734626	55.18
734627	52.91
734628	51.73
734629	51.21
734632	52.74
734633	52.67
734634	50.64
734635	50.39
734636	48.44
734639	47.93
734640	50.17
734641	51.15
734642	50.27
734643	50.05
734646	50.28
734647	49.89
734648	51.83
734649	52.78
734650	53.07
734654	54.79
734655	53.4
734656	51
734657	49.97
734660	49.97
734661	48.23
734662	46.39
734663	46.91
734664	45.69
734667	43.78
734668	45.75
734669	43.41
734670	42.3
734671	42.12
734674	40.98
734675	42.82
734676	43.61
734677	43.62
734678	42.71
734681	43.17
734682	44.59
734683	45.46
734684	45.44
734685	46.75
734689	46.08
734690	45.06
734691	46.57
734692	45.29
734695	43.25
734696	43.37
734697	45
734698	44.27
734699	45.55
734702	45.32
734703	46.06
734704	45.1
734705	46.4
734706	47.06
734709	47.12
734710	45.27
734711	43.64
734712	43.12
734713	42.71
734716	42.54
734717	40.9
734718	40.08
734719	33.24
734720	32.31
734723	26.34
734724	28.52
734725	28.91
734726	30.92
734731	32.17
734732	32.56
734733	29.45
734734	28.94
734737	28.36
734738	30.97
734739	32.32
734740	32.01
734741	33.27
734744	34.91
734745	34.02
734746	33.07
734747	32
734748	30.89
734752	30.23
734753	33.44
734754	31.7
734755	30.81
734758	29.69
734759	29.53
734760	29.72
734761	30.45
734762	29.77
734765	28.55
734766	26.92
734767	22.3
734768	19.8
734769	20.39
734772	21.43
734773	21.26
734774	19.41
734775	18.71
734776	17.69
734779	16.04
734780	17.44
734781	18.92
734782	19.7
734783	18.39
734786	20.03
734787	20.71
734788	20.79
734789	20.66
734793	20.17
734794	21.27
734795	20.45
734796	20.9
734797	21.73
734800	23.79
734801	22.26
734802	22.88
734803	24.99
734804	26.56
734807	24.04
734808	23.14
734809	23.93
734810	27.11
734811	28.09
734814	27.74
734815	28.7
734816	25.91
734817	25.47
734818	26.39
734821	25.86
734822	25.92
734823	24.59
734824	22.86
734825	22.23
734828	21.26
734829	20.65
734830	19.27
734832	18.81
734835	20.29
734836	20.84
734837	24
734838	23.99
734839	24.11
734842	25.17
734843	24.88
734844	24.66
734845	22.6
734846	23.45
734849	21.39
734850	20.55
734851	19.87
734852	19.27
734853	19.62
734856	18.2
734857	19.47
734858	20.02
734859	20.99
734860	20.73
734864	20.14
734865	19.47
734866	19.7
734867	20.43
734870	20.43
734871	22.07
734872	22.21
734873	21.72
734874	21.2
734877	20.76
734878	21.33
734879	22.2
734880	22.55
734881	20.19
734886	19.77
734887	19.64
734888	19.91
734891	20.76
734892	20.13
734893	20.15
734894	20.92
734895	20.45
734898	21.11
734899	20.12
734900	20.12
734901	21.64
734902	22.78
734905	23.54
734906	22.31
734907	21.85
734908	22.4
734909	21.04
734912	20.56
734913	19.95
734914	20.46
734915	20.9
734916	20.11
734920	20.04
734921	19.49
734922	19.82
734923	20.46
734926	19.73
734927	19.22
734928	18.56
734929	18.45
734930	17.4
734933	16.35
734934	16.19
734935	16.25
734936	16.06
734937	16.43
734940	16.43
734941	16.2
734942	15.77
734944	17.36
734947	17.32
734948	16.61
734949	16.7
734950	16.03
734951	15.98
734954	15.68
734955	15.52
734956	14.87
734957	15.26
734958	15.21
734961	15.47
734962	14.69
734963	14.76
734964	14.2
734968	14.06
734969	14.27
734970	14.63
734971	16.08
734972	15.66
734975	15.53
734976	16.14
734977	16.2
734978	16.82
734979	16.15
734982	16.12
734983	16.42
734984	16.57
734985	16.51
734986	15.87
734989	16.13
734990	16.38
734991	15.49
734992	14.85
734993	14.45
734996	14.21
734997	13.67
734998	13.93
734999	13.67
735000	13.16
735003	13.16
735004	11.92
735005	11.4
735006	11.53
735010	11.67
735011	11.21
735012	11.77
735014	11.17
735018	11.54
735019	10.79
735020	10.31
735021	10.43
735024	10.11
735025	10.27
735026	9.72
735027	9.57
735028	9.32
735031	8.46
735032	8.27
735033	8.38
735034	8.55
735035	8.82
735038	8.44
735039	8.72
735040	8.92
735041	8.31
735042	8.26
735045	7.93
735046	7.73
735047	8.19
735048	8.36
735049	8.71
735052	8.76
735053	9.32
735055	9.27
735056	8.67
735059	8.02
735060	7.53
735061	7.48
735062	7.43
735063	7.63
735066	6.85
735067	6.83
735068	6.9
735069	6.75
735070	6.74
735073	6.92
735074	6.37
735075	5.96
735076	5.93
735080	7.15
735081	7.01
735082	6.89
735083	6.66
735084	6.89
735087	6.83
735088	6.9
735089	6.3
735090	7.25
735091	7.35
735094	7.12
735095	6.84
735096	6.61
735097	6.6
735098	6.45
735101	6.5
735102	6.92
735103	7.12
735104	6.59
735105	6.4
735108	6.2
735109	6.09
735110	6.14
735111	5.94
735112	5.94
735116	5.53
735117	5.61
735118	5.91
735119	6.9
735122	6.92
735123	7.45
735124	7.36
735125	8.23
735126	8.55
735129	8.08
735130	7.88
735131	7.63
735132	7.41
735133	7.21
735136	6.85
735137	6.54
735138	6.59
735139	6.75
735140	6.57
735143	6.58
735144	6.44
735145	6.3
735146	6.71
735147	6.58
735150	6.78
735151	7.32
735152	7.31
735153	8.55
735154	7.88
735157	8.48
735158	8.55
735159	9.26
735160	9.23
735161	8.97
735164	9.48
735165	9.1
735166	8.65
735167	8.43
735168	8.71
735171	8.71
735173	8.59
735174	8.86
735175	9.06
735178	9.36
735179	9.62
735180	8.45
735181	8.15
735182	8
735185	7.87
735186	7.58
735187	7.27
735188	7.09
735189	7.1
735192	7.57
735193	7.18
735194	7.17
735196	7.28
735199	7.18
735200	7.02
735201	7
735202	7.18
735203	7.48
735206	7.31
735207	7.25
735208	8.07
735209	8.01
735210	8.29
735213	9.1
735214	9.1
735215	9.36
735216	9.34
735217	9.68
735220	9.47
735221	9.89
735222	9.53
735223	9.51
735224	9.28
735227	9.03
735229	9.53
735230	9.32
735231	9.27
735234	9.74
735236	9.6
735237	10.15
735238	10.38
735241	10.6
735242	10.3
735243	9.9
735244	9.77
735245	9.55
735248	9.18
735249	9.29
735250	9.2
735251	9.33
735252	9.54
735256	9.94
735257	9.86
735258	9.32
735259	9.21
735262	8.89
735263	9.11
735264	8.85
735265	8.61
735266	8.86
735269	8.69
735270	8.47
735271	8.67
735272	8.43
735273	8.51
735276	8.23
735277	8.25
735278	8.42
735279	8.49
735280	9.67
735284	9.5
735285	9.13
735286	8.88
735287	8.67
735290	8.15
735291	8.1
735292	8.17
735293	7.98
735294	7.68
735297	7.55
735298	7.69
735299	8.45
735300	8.39
735301	8.58
735304	8.31
735305	8.38
735306	8.01
735307	8.31
735308	8.65
735311	8.66
735312	8.24
735313	8.4
735314	8.3
735315	8.25
735318	8.33
735319	8.12
735320	8.21
735321	8.19
735325	7.83
735326	7.44
735327	7.15
735328	7.31
735329	7.58
735332	7.56
735333	7.9
735334	8.02
735335	8.13
735336	7.91
735339	7.14
735340	7.16
735341	6.78
735342	7.42
735343	7.05
735346	7.13
735347	7.07
735348	7.13
735349	7.26
735350	7.14
735353	7.29
735354	7.27
735355	7.47
735356	7.13
735357	7.13
735360	7.2
735361	6.81
735362	7.21
735363	7.03
735364	7.27
735367	7.01
735368	6.93
735369	6.78
735370	6.79
735371	6.75
735374	7.21
735375	7.21
735376	6.99
735377	7.07
735378	7.04
735382	7.04
735383	6.83
735384	6.82
735385	6.68
735388	6.7
735389	6.64
735390	6.55
735391	6.66
735392	6.39
735395	6.36
735396	6.25
735397	6.16
735398	6.23
735399	6
735402	5.67
735403	5.82
735404	5.6
735405	5.51
735406	5.49
735409	5.05
735410	5.18
735411	4.97
735412	5.06
735413	5.24
735416	5.28
735417	5.33
735418	5.18
735420	5.11
735423	5.36
735424	5.47
735425	5.47
735426	5.7
735427	5.53
735430	5.56
735431	5.44
735432	5.59
735433	5.82
735434	5.82
735437	5.68
735438	5.88
735439	5.51
735440	5.37
735441	5.54
735444	5.59
735445	5.45
735446	5.44
735447	5.44
735448	4.95
735451	5.09
735452	4.92
735453	4.92
735454	5.27
735455	5.87
735458	5.84
735459	5.81
735460	6.13
735461	6.3
735462	6.05
735465	5.73
735466	6.02
735467	5.93
735468	6.28
735469	6.34
735472	6.45
735473	6.15
735474	6.12
735475	6.11
735476	6.08
735480	6.24
735481	6.14
735482	6.37
735483	6.3
735486	6.6
735487	6.72
735488	6.65
735489	6.36
735490	6.21
735493	6.1
735494	6.34
735495	6.65
735496	6.63
735497	6.22
735500	6.27
735501	6.17
735502	6.24
735503	6.27
735504	6.08
735507	5.96
735508	5.82
735509	5.91
735510	5.8
735511	5.93
735514	5.85
735515	5.65
735516	5.55
735517	5.58
735518	5.87
735521	6.05
735522	6.1
735523	5.99
735524	5.97
735525	5.72
735528	5.77
735529	6.06
735530	6.53
735531	6.86
735532	6.77
735535	6.59
735536	6.54
735537	6.74
735538	7
735539	7.43
735542	8.13
735543	7.95
735544	7.86
735545	7.65
735546	7.99
735549	8.03
735550	7.89
735551	7.94
735552	7.74
735553	8.08
735556	7.6
735557	7.38
735558	7.32
735559	6.9
735560	7
735563	6.84
735564	6.59
735565	6.57
735567	6.68
735570	6.8
735571	6.92
735572	6.73
735573	6.9
735574	6.57
735577	7.53
735578	7.2
735579	6.85
735580	6.44
735581	6.32
735584	6.33
735585	6.28
735586	6.39
735587	6.6
735588	6.43
735591	6.54
735592	6.67
735594	6.77
735595	7.21
735598	7.1
735599	7.14
735601	7.26
735602	7.04
735605	6.94
735606	6.5
735607	6.52
735608	6.27
735609	6.21
735612	6.14
735613	6.13
735614	6.3
735615	6.4
735616	6.32
735620	6.17
735621	6.25
735622	6.2
735623	5.83
735626	5.71
735627	5.84
735628	5.82
735629	5.85
735630	5.68
735633	5.22
735634	5.36
735635	5.09
735636	5.15
735637	5.3
735640	5.09
735641	5.26
735642	5.06
735643	5.17
735644	5.06
735648	5.11
735649	5.25
735650	5.18
