734290	34.25
734291	35.06
734292	35.2
734293	34.75
734296	34.08
734297	34.31
734298	34.22
734299	35.3
734300	35.08
734303	37.09
734304	37.88
734305	37.87
734306	37.77
734307	37.91
734310	38.76
734311	38.27
734312	37.81
734313	36.77
734314	36.95
734317	36.38
734318	34.52
734319	34.44
734320	33.88
734321	33.1
734325	33.71
734326	35.34
734327	35.51
734328	35.9
734331	35.57
734332	37.99
734333	37.53
734334	37.38
734335	35.64
734338	35.39
734339	36.31
734340	35.31
734341	36.49
734342	36.77
734345	38.7
734346	39.15
734347	39.03
734348	38.97
734349	38.47
734352	40.04
734353	39.59
734354	40.02
734355	39.9
734356	40.93
734359	41.64
734360	40.19
734361	37.84
734362	37.1
734363	36.67
734366	35.96
734367	36.42
734368	36.83
734369	35.55
734370	35.17
734373	35.04
734374	34.27
734375	34.4
734376	33.99
734377	35.2
734380	34
734381	33.93
734382	35.66
734383	35.92
734384	36.7
734388	35.57
734389	36.28
734390	36.29
734391	36.35
734394	36.92
734395	36.13
734396	36.16
734397	35.71
734398	35.64
734401	36.6
734402	36.61
734403	35.67
734404	35.07
734405	36.47
734408	37.13
734409	37.32
734410	37.45
734411	39.1
734412	38.86
734415	39.28
734416	39.94
734417	40.74
734418	40.47
734419	40.91
734422	41.04
734423	41.78
734424	42.71
734425	41.94
734426	41.47
734429	42.26
734430	41.01
734431	41.61
734432	41.28
734433	41.56
734436	41.1
734437	42.03
734438	41.82
734439	41.98
734440	42.01
734443	41.92
734444	42.12
734445	43.57
734446	44.74
734447	45.61
734450	44.63
734451	42.86
734452	42.99
734453	42.51
734454	41.81
734457	42.42
734458	41.71
734459	41.78
734460	42.56
734461	42.73
734464	42.14
734465	40.85
734466	41.76
734468	41.25
734471	41.53
734472	41.29
734473	42.28
734474	42.88
734475	43.76
734478	43.6
734479	43.95
734480	42.22
734481	47.78
734482	48.95
734485	48.52
734486	51.77
734487	51.19
734488	52.1
734489	52.56
734492	53.42
734493	55.18
734494	55.76
734495	54.33
734499	59.38
734500	58.93
734501	57.27
734502	57.53
734503	57.62
734506	58.05
734507	56.78
734508	60.95
734509	60.45
734510	61.18
734513	57.39
734514	59.04
734515	58.4
734516	57.19
734517	54
734521	53.17
734522	51.02
734523	43.18
734524	43
734527	41.95
734528	41.36
734529	41.61
734530	41.97
734531	40.26
734534	40.35
734535	41.06
734536	41.17
734537	40.58
734538	40
734541	42.18
734542	42.37
734543	41.11
734544	41.28
734545	41.63
734548	41.3
734549	41.05
734550	41.28
734551	42.06
734552	41.51
734556	40.07
734558	40.43
734559	38.54
734562	37.06
734563	36.7
734564	37.3
734565	37.51
734566	37.39
734569	37.1
734570	37.31
734571	37.11
734572	36.48
734573	37.35
734576	37.5
734577	36.78
734578	35.59
734579	35.7
734583	37.03
734584	36.95
734585	36.55
734586	36.32
734587	36.53
734590	36.36
734591	36.18
734592	36.05
734593	35.14
734594	35
734597	33.94
734598	34.98
734599	34.86
734600	34.67
734601	34.49
734604	34.22
734605	34.08
734606	33.86
734607	33.54
734608	33.46
734611	32.61
734612	32.12
734613	32.35
734614	32.16
734618	31.47
734619	31.87
734620	31.7
734621	31.8
734622	31.15
734625	30.85
734626	31.13
734627	31.64
734628	30.79
734629	30.7
734632	29.7
734633	29.62
734634	30.65
734635	31.17
734636	30.42
734639	31
734640	30.8
734641	30.83
734642	30.84
734643	30.8
734646	29.98
734647	29.46
734648	28.28
734649	28.75
734650	28.88
734654	28.5
734655	28.05
734656	28.01
734657	27.65
734660	27.65
734661	27.42
734662	27.32
734663	28.1
734664	28.96
734667	28.98
734668	28.51
734669	27.89
734670	28.04
734671	27.98
734674	28.02
734675	28.78
734676	28.8
734677	28.67
734678	28.45
734681	28.81
734682	28.78
734683	29.14
734684	29.32
734685	29.98
734689	29.68
734690	29.38
734691	30.21
734692	29.94
734695	28.93
734696	28.72
734697	28.84
734698	28.5
734699	28.23
734702	27.65
734703	27.87
734704	28.31
734705	28.95
734706	29.09
734709	28.95
734710	29.47
734711	29.1
734712	28.94
734713	28.7
734716	28.59
734717	27.75
734718	28.19
734719	26.4
734720	25.1
734723	22.58
734724	23.54
734725	22.14
734726	22.72
734731	24.51
734732	24.85
734733	22.7
734734	22.16
734737	21.79
734738	22.92
734739	23.55
734740	23
734741	23.26
734744	25
734745	24.9
734746	25.33
734747	24.79
734748	23.66
734752	23.32
734753	25.39
734754	24.59
734755	23.36
734758	23.58
734759	24.27
734760	24.49
734761	25.04
734762	25.44
734765	24.66
734766	24.6
734767	22.95
734768	21.61
734769	22.19
734772	23.46
734773	23.38
734774	23.21
734775	22.89
734776	21.95
734779	20.46
734780	20.55
734781	20.09
734782	21.36
734783	20.97
734786	22.19
734787	22.37
734788	23.76
734789	23.03
734793	22.24
734794	23.44
734795	22.55
734796	22.91
734797	24.01
734800	25.14
734801	24.18
734802	25.32
734803	26.29
734804	26.34
734807	24.69
734808	23.42
734809	24.19
734810	24.63
734811	23.91
734814	23.72
734815	24.06
734816	22.54
734817	23.15
734818	23.85
734821	23.54
734822	23.12
734823	22.45
734824	21.88
734825	21.88
734828	21.01
734829	21.01
734830	20.1
734832	20.07
734835	20.87
734836	21.13
734837	23.31
734838	23
734839	23.18
734842	23.57
734843	24.06
734844	24.46
734845	23.11
734846	24.11
734849	23.29
734850	22.83
734851	22.78
734852	23.22
734853	23.36
734856	22.36
734857	23.75
734858	24.08
734859	24.17
734860	24.2
734864	23.83
734865	22.97
734866	23.24
734867	23.2
734870	23.2
734871	24.07
734872	23.92
734873	23.91
734874	23.54
734877	24
734878	25.07
734879	25.37
734880	25.43
734881	24.95
734886	25.23
734887	25.55
734888	25.65
734891	25.44
734892	25.32
734893	24.91
734894	25.31
734895	25.14
734898	25.2
734899	25.11
734900	26.6
734901	26.31
734902	27.17
734905	26.8
734906	26.7
734907	27.04
734908	27.35
734909	26.66
734912	26.82
734913	26.6
734914	26.49
734915	27.28
734916	27.23
734920	27.33
734921	27.67
734922	27.99
734923	28.41
734926	28.66
734927	28.96
734928	29.22
734929	29.45
734930	29.8
734933	30.39
734934	29.05
734935	29.45
734936	28.31
734937	28.25
734940	28.25
734941	28.4
734942	28.25
734944	28.03
734947	27.8
734948	28.32
734949	28.49
734950	27.98
734951	28.27
734954	29.06
734955	29.67
734956	29.7
734957	29.94
734958	30.83
734961	31.17
734962	30.87
734963	32.52
734964	32.89
734968	31.99
734969	31.24
734970	31.87
734971	33.23
734972	32.48
734975	32.81
734976	32.72
734977	32.59
734978	32.27
734979	32.06
734982	32.09
734983	32.4
734984	32.83
734985	33.71
734986	34.46
734989	34.03
734990	34.34
734991	34.76
734992	34.14
734993	32.83
734996	31.84
734997	31.7
734998	31.83
734999	32.14
735000	31.75
735003	31.3
735004	30.96
735005	30.45
735006	28.47
735010	29.44
735011	29.33
735012	29.26
735014	28.99
735018	29.78
735019	28.89
735020	29.04
735021	27.21
735024	27.53
735025	28.65
735026	29.9
735027	30.15
735028	30.48
735031	29.54
735032	30.19
735033	30.3
735034	31.03
735035	31.48
735038	31.51
735039	31.94
735040	32.05
735041	31.04
735042	31.44
735045	30.63
735046	30.8
735047	30.82
735048	30.84
735049	32.09
735052	31.84
735053	32.39
735055	32.01
735056	31.57
735059	30.95
735060	30.97
735061	30.83
735062	30.47
735063	31.44
735066	31.28
735067	32.29
735068	31.84
735069	31.76
735070	31.03
735073	30.68
735074	30.28
735075	30.15
735076	30.38
735080	31.72
735081	31.27
735082	30.84
735083	30.84
735084	31.34
735087	32.09
735088	32.35
735089	32.38
735090	32.51
735091	32.6
735094	33.11
735095	33.82
735096	34.03
735097	34.61
735098	34.8
735101	34.66
735102	34.31
735103	33.55
735104	33.76
735105	34.47
735108	34.58
735109	34.27
735110	33.94
735111	33.79
735112	34.33
735116	34.56
735117	34.81
735118	34.22
735119	33.99
735122	33.3
735123	33.45
735124	33.86
735125	34.44
735126	35.02
735129	34.75
735130	34.4
735131	34.26
735132	33.82
735133	33.63
735136	33.9
735137	33.08
735138	32.75
735139	33.2
735140	32.79
735143	33.26
735144	33.47
735145	34.21
735146	34.91
735147	35.23
735150	35.9
735151	35.4
735152	35.49
735153	35.68
735154	35.46
735157	36.29
735158	36.35
735159	36.86
735160	37.46
735161	35.7
735164	35.55
735165	34.81
735166	34.93
735167	34.98
735168	34.72
735171	34.72
735173	34.93
735174	35.2
735175	32.68
735178	32.8
735179	33.12
735180	32
735181	31.41
735182	32.17
735185	31.98
735186	31.35
735187	30.68
735188	31.24
735189	31.8
735192	32.39
735193	32.41
735194	32.67
735196	32.83
735199	32.97
735200	32.49
735201	32.6
735202	33.35
735203	33.13
735206	33.12
735207	33.32
735208	33.78
735209	33.26
735210	34.13
735213	33.36
735214	35.26
735215	34.85
735216	34.24
735217	33.94
735220	34.95
735221	35.5
735222	34.89
735223	35.53
735224	34.74
735227	35.2
735229	35.35
735230	34.97
735231	34.58
735234	35.3
735236	36.48
735237	36.18
735238	36.3
735241	35.93
735242	35.65
735243	35.76
735244	35.8
735245	35.23
735248	35.05
735249	34.84
735250	35.54
735251	35.21
735252	35.09
735256	35.91
735257	36.46
735258	36.6
735259	36.7
735262	37.3
735263	37.82
735264	37.87
735265	37.67
735266	37.83
735269	38.19
735270	38.75
735271	38.75
735272	38.19
735273	38.64
735276	38.79
735277	39.45
735278	38.63
735279	38.87
735280	39.21
735284	38.6
735285	37.57
735286	37.28
735287	38.45
735290	37.06
735291	37.69
735292	37.77
735293	38.01
735294	37.85
735297	38.07
735298	38.25
735299	38.45
735300	39.01
735301	39.58
735304	39.47
735305	39.11
735306	38.89
735307	39.02
735308	38.97
735311	38.6
735312	38.38
735313	38.3
735314	37.8
735315	37.79
735318	37.7
735319	38.44
735320	38.1
735321	38.7
735325	38.23
735326	39
735327	38.36
735328	37.69
735329	38.62
735332	40.09
735333	39.63
735334	40.1
735335	40.44
735336	40.13
735339	38.58
735340	39.56
735341	38.59
735342	38.57
735343	38.88
735346	38.61
735347	40.53
735348	41.45
735349	42.28
735350	40.87
735353	41.31
735354	41.43
735355	41.19
735356	42.13
735357	44.52
735360	45.48
735361	44.29
735362	44.35
735363	44.07
735364	44.18
735367	44.64
735368	46.08
735369	45.58
735370	44.91
735371	45.23
735374	44.89
735375	44.96
735376	44.31
735377	44.53
735378	44.69
735382	45.17
735383	45.52
735384	46.21
735385	44.46
735388	44.75
735389	44.1
735390	43.9
735391	44.86
735392	45.28
735395	45.95
735396	44.92
735397	44.66
735398	45.94
735399	45.38
735402	45.15
735403	45.14
735404	44.81
735405	44.27
735406	43.69
735409	42.32
735410	43.35
735411	43.62
735412	44.48
735413	44.7
735416	45.09
735417	44.89
735418	44.22
735420	45.19
735423	45.52
735424	45.78
735425	45.78
735426	45.92
735427	46.74
735430	46.7
735431	46.24
735432	46.83
735433	46.99
735434	46.99
735437	46.88
735438	46.6
735439	45.96
735440	46.5
735441	46.54
735444	46.27
735445	45.89
735446	45.51
735447	47.07
735448	48.33
735451	48.57
735452	48.06
735453	47.97
735454	48.6
735455	48.03
735458	47.75
735459	48.3
735460	48.06
735461	47.04
735462	47.1
735465	46.32
735466	46.92
735467	46.72
735468	47.15
735469	47.39
735472	47.36
735473	46.16
735474	46.41
735475	46.58
735476	46.46
735480	47.67
735481	48.29
735482	48.67
735483	48.18
735486	49.19
735487	49.42
735488	49.75
735489	49.28
735490	49.7
735493	49.69
735494	50.46
735495	50.57
735496	49.86
735497	49.95
735500	49.16
735501	49.24
735502	49.54
735503	49.45
735504	49.15
735507	48.63
735508	49.1
735509	49.22
735510	48.85
735511	49.53
735514	48.73
735515	47.7
735516	47.73
735517	49.58
735518	50
735521	50.23
735522	50.02
735523	51.26
735524	51.85
735525	52.3
735528	52
735529	52.29
735530	51.86
735531	51.8
735532	51.85
735535	51.43
735536	52.25
735537	51.97
735538	51.65
735539	48.28
735542	49.08
735543	48.29
735544	47.59
735545	47.3
735546	48.54
735549	48.84
735550	48.19
735551	48.58
735552	49.31
735553	49.3
735556	48.96
735557	48.78
735558	48.26
735559	48.92
735560	49.59
735563	49.8
735564	49.39
735565	49.65
735567	49.75
735570	49.71
735571	48.65
735572	48.94
735573	48.19
735574	49.55
735577	49.56
735578	49.3
735579	48.7
735580	49.42
735581	49.73
735584	50.28
735585	49.36
735586	50.25
735587	50.36
735588	51.03
735591	51.24
735592	51.28
735594	51
735595	51.18
735598	51.11
735599	51.05
735601	50.71
735602	50.92
735605	50.52
735606	51.21
735607	51.81
735608	52.11
735609	52.22
735612	51.46
735613	51.76
735614	52.11
735615	51.5
735616	50.89
735620	50.58
735621	50.29
735622	49.21
735623	47.86
735626	47.29
735627	48.46
735628	47.95
735629	48.88
735630	47.96
735633	46.88
735634	47.62
735635	47.64
735636	47.72
735637	49.01
735640	48.88
735641	49
735642	49.04
735643	49.59
735644	48.98
735648	50.17
735649	49.25
735650	49.22
