734261	64.87
734262	67.54
734263	67.32
734264	66.05
734265	63.73
734268	66.49
734269	66.1
734270	69.06
734271	68.99
734272	67.72
734275	68.6
734276	69.34
734277	69.86
734278	67.64
734279	68.33
734282	68.15
734283	67.81
734284	67.88
734285	70.07
734286	70
734290	68.81
734292	71.28
734293	68.56
734296	68.95
734297	68.23
734298	68.56
734299	69.7
734300	69.67
734303	69.81
734304	70.48
734305	70.66
734306	71.1
734307	70.09
734310	69.83
734311	68.45
734312	68.43
734313	67.71
734314	68.16
734317	68.52
734318	67.45
734319	67.16
734320	67.01
734321	67.16
734325	67.65
734326	68.08
734327	67.99
734328	67.43
734331	67.07
734332	67.21
734333	68.65
734334	69.4
734335	68
734338	67.08
734339	67.42
734340	66.45
734341	64.55
734342	65.63
734345	66.09
734346	65.17
734347	64.02
734348	63.88
734349	62.82
734352	63.5
734353	62.1
734354	62.97
734355	62.84
734356	62.81
734359	62.31
734360	61.61
734361	60.6
734362	60.95
734366	60.85
734367	61.6
734368	62.27
734369	61.45
734370	61.67
734373	61.31
734374	60.32
734375	60.46
734376	59.77
734377	60.36
734380	59.05
734382	58.79
734383	59.5
734384	59.95
734388	58.99
734389	58.5
734390	59.65
734391	59.35
734394	58.7
734395	59.74
734396	62.98
734397	62.42
734398	62.35
734401	62.99
734402	62.93
734403	62.16
734404	60.77
734405	61.91
734408	61.45
734411	61.78
734412	60.7
734415	59.88
734417	60.32
734418	60.52
734419	60.78
734423	61.26
734424	62.43
734425	61.99
734426	62.38
734429	62.61
734431	61.08
734432	61.31
734433	61.08
734436	61.68
734437	61.91
734438	65.4
734439	65.03
734443	67.88
734444	66.95
734445	67.39
734446	67.05
734447	66.3
734450	65.62
734451	64.99
734452	65.18
734453	65.72
734454	65.09
734457	64.59
734458	64.12
734459	64.7
734460	65.39
734461	66
734464	65.12
734466	64.8
734468	64.51
734471	64.26
734472	63.9
734473	65.67
734474	66.83
734475	67.01
734479	66.85
734480	66.46
734481	67.35
734482	68.09
734485	68.09
734486	68.52
734487	68.29
734488	68.63
734489	68.81
734492	69.41
734493	69.95
734494	70.97
734499	70.81
734500	70.63
734501	70.6
734506	71.21
734507	71.82
734508	72.33
734509	74.86
734510	74
734513	73.6
734514	74.47
734515	73.99
734516	74.4
734517	74.17
734522	74.24
734523	74.24
734524	73.21
734529	75.35
734530	75.19
734531	74.15
734534	75.17
734535	77.6
734536	76.88
734537	76.84
734538	77.74
734541	77.18
734542	78.34
734544	78.46
734545	78.77
734548	79.42
734549	79.07
734550	79.67
734551	80.42
734552	80.64
734556	78.51
734558	78.21
734559	79.21
734562	79.28
734563	79.29
734564	77.97
734565	80.02
734566	80.48
734569	78.56
734570	78.32
734571	79.7
734572	78.38
734573	77.81
734576	77.26
734577	76.89
734578	75.63
734579	76.85
734583	78.9
734584	78.81
734585	78.44
734586	79.73
734587	79.59
734590	79.71
734591	79.95
734592	80.12
734593	79.05
734594	79.77
734597	79.31
734598	79.15
734599	78.62
734600	78.58
734601	78.5
734604	78.42
734605	77.6
734606	78.1
734607	78.77
734608	80.61
734611	79.9
734612	80.91
734613	81.95
734614	82.48
734618	83.08
734619	83.45
734621	83
734622	83.01
734625	83.1
734626	83.13
734627	82.92
734628	82.84
734629	82.74
734632	84.74
734633	85.48
734634	84.9
734635	85.02
734636	84.24
734639	85.09
734640	84.78
734641	86.88
734642	86.64
734643	85.07
734646	84.17
734647	83.51
734648	84.2
734649	84.87
734650	85.04
734654	85.61
734655	85.18
734656	84.76
734657	84.28
734660	84.28
734661	84.35
734662	84.23
734663	84.93
734664	83.25
734667	83.48
734668	84.5
734669	83.33
734670	82.49
734671	82.41
734674	83.02
734675	83.81
734676	83.11
734677	82.04
734678	81.55
734681	81.98
734682	83.38
734683	82.9
734684	83.65
734685	84.08
734689	84
734690	84.32
734691	84.87
734695	83.4
734696	83.04
734697	83.17
734699	82.48
734702	82.48
734703	81.95
734704	82.27
734705	82.11
734706	82.31
734709	81.27
734710	81.16
734711	80.55
734712	79.6
734713	81.12
734716	79.98
734717	77.88
734718	78.16
734719	74.92
734720	75.31
734723	70.91
734724	74.15
734725	73.48
734726	76.87
734731	78.12
734732	77.25
734733	74.37
734734	73.85
734737	73.45
734738	75.61
734739	75.91
734740	74.64
734741	76.53
734744	78.13
734745	78.43
734746	79.93
734747	79.19
734748	77.5
734752	76.65
734753	78.72
734754	77.69
734755	74.08
734758	74.18
734759	74.21
734760	75.83
734761	75.44
734762	76.63
734765	76.41
734766	77.38
734767	74.88
734768	73.56
734769	73.36
734772	74.3
734773	76.29
734774	75.48
734775	74.78
734776	72.7
734779	70.45
734780	69.35
734781	70.6
734782	70.26
734783	70.38
734786	73.16
734787	72.99
734788	73.69
734789	73.87
734793	73.05
734794	73.41
734795	73.19
734796	72.85
734797	75.87
734800	76.94
734801	76.13
734802	81.75
734803	84.99
734804	84.41
734807	81.55
734808	79.3
734809	81.72
734810	81.66
734811	80.62
734814	82.05
734815	81.94
734816	79.38
734817	81.74
734818	82.77
734821	82.51
734822	82.81
734823	81
734824	80.43
734825	80.01
734828	78.58
734829	78.14
734830	77.28
734832	76.34
734835	78.24
734836	78.69
734837	81.31
734838	81.7
734839	80.49
734842	80.84
734843	80.66
734844	80.78
734845	78.63
734846	79.74
734849	79.57
734850	78.97
734851	76.67
734852	76.91
734853	77.7
734856	76.61
734857	78.5
734858	77.84
734859	78.35
734860	78.73
734864	79.05
734865	77.24
734866	78.28
734867	77.91
734870	77.91
734871	79.54
734872	79.08
734873	77.82
734874	78.67
734877	79.75
734878	79.68
734879	78.77
734880	78.15
734881	77.24
734886	75.97
734887	75.89
734888	76.51
734891	76.54
734892	76.55
734893	76.61
734894	77.85
734895	78.56
734898	78.69
734899	81.72
734900	82.8
734901	82.33
734902	80.8
734905	82.3
734906	82.69
734907	82.84
734908	82.19
734909	81.34
734912	81.66
734913	81.86
734914	81.3
734915	81.01
734916	82.57
734920	81.33
734921	80.95
734922	81.1
734923	82
734926	82.11
734927	82.48
734928	83.51
734929	83.92
734930	82.17
734933	82.25
734934	82.28
734935	83.01
734936	85.56
734937	86.4
734940	86.4
734941	86.72
734942	87.31
734944	87.56
734947	87.2
734948	87.11
734949	86.76
734950	86.18
734951	86.38
734954	87.6
734955	88.31
734956	88.18
734957	88.59
734958	87.77
734961	88.67
734962	88.54
734963	87.89
734964	87.83
734968	87.34
734969	86.76
734970	87.9
734971	91.34
734972	90.48
734975	89.77
734976	91.36
734977	91.22
734978	90.57
734979	91
734982	90.65
734983	90.98
734984	91.38
734985	91.27
734986	91.05
734989	91.41
734990	90.44
734991	90.17
734992	90.59
734993	89.58
734996	89.59
734997	89.77
734998	89.46
734999	89.71
735000	90.15
735003	89.44
735004	88.88
735005	88.95
735006	87.99
735007	87.45
735010	87.29
735011	87.24
735012	86.64
735014	87.69
735018	87.62
735019	86.93
735020	87.27
735021	86.7
735024	87.31
735025	87.58
735026	88.13
735027	87.77
735028	88.42
735031	87.99
735032	88.81
735033	88.69
735034	89.84
735035	91
735038	92.04
735039	92.81
735040	92.24
735041	91.49
735042	91.67
735045	91.02
735046	91.83
735047	92.31
735048	93.27
735049	93.75
735052	95.03
735053	95.67
735055	94.63
735056	93.52
735059	93.92
735060	93.3
735061	93.6
735062	93.63
735063	94.88
735066	94.62
735067	96.25
735068	96.67
735069	96.25
735070	95.34
735073	93.83
735074	92.71
735075	92.68
735076	91.7
735080	90.65
735081	90.73
735082	89.12
735083	87.57
735084	87.43
735087	87.67
735088	88.41
735089	88.38
735090	88.6
735091	89.06
735094	89.09
735095	88.9
735096	88.78
735097	88.67
735098	86.42
735101	86.46
735102	87.04
735103	86.26
735104	86.51
735105	87.19
735108	87.59
735109	87.63
735110	87.91
735111	86.81
735112	87.11
735116	87.2
735117	88.65
735118	89.44
735119	88.5
735122	87.84
735123	87.45
735124	87.17
735125	87.95
735126	87.4
735129	86.61
735130	86.95
735131	85.48
735132	86.22
735133	86.72
735136	87
735137	87.65
735138	87.79
735139	87.15
735140	86.03
735143	85.91
735144	86.39
735145	87.2
735146	89.9
735147	89.47
735150	89.13
735151	89.86
735152	89.04
735153	89
735154	89.28
735157	90.88
735158	92.45
735159	91.26
735160	91.27
735161	90.2
735164	90.71
735165	90.05
735166	89.51
735167	93.16
735168	92.58
735171	92.58
735173	93.31
735174	94.6
735175	93.3
735178	93.31
735179	93.48
735180	94.69
735181	92.56
735182	92.94
735185	92.7
735186	93.24
735187	92.27
735188	91.31
735189	92.06
735192	92.71
735193	93.49
735194	93.27
735196	94.11
735199	93.56
735200	92.75
735201	92.96
735202	93.72
735203	94.47
735206	94.58
735207	94.48
735208	94.32
735209	94.74
735210	95.3
735213	95.66
735214	97.43
735215	97.3
735216	97.83
735217	98.25
735220	98.63
735221	99.62
735222	97.97
735223	99.08
735224	98
735227	97.59
735229	96.6
735230	96.42
735231	95.89
735234	96.96
735236	97.6
735237	98.74
735238	99.94
735241	100
735242	100.79
735243	101.1
735244	101.66
735245	101.08
735248	101.44
735249	102.37
735250	102.13
735251	102.94
735252	103.98
735256	103.69
735257	104.91
735258	106.19
735259	106.62
735262	105.47
735263	106.54
735264	105.99
735265	105.65
735266	105.23
735269	102.01
735270	102.21
735271	102.42
735272	103
735273	103.17
735276	103.8
735277	103.53
735278	104.83
735279	104.91
735280	104.21
735284	103.87
735285	103.41
735286	102.8
735287	103.66
735290	102.12
735291	104.08
735292	105.6
735293	106.13
735294	107.46
735297	107.39
735298	108.39
735299	108.32
735300	108.05
735301	109.32
735304	109.76
735305	109.85
735306	110.61
735307	111.23
735308	110.48
735311	109.79
735312	106.87
735313	107.05
735314	106.7
735315	107.89
735318	107.62
735319	107.93
735320	107.73
735321	107.47
735325	107.93
735326	108.49
735327	107.86
735328	107.95
735329	106.83
735332	106.94
735333	106.83
735334	107.42
735335	108.78
735336	108.36
735339	106.93
735340	107.77
735341	106.71
735342	105.7
735343	106.25
735346	106.02
735347	106.71
735348	106.84
735349	104.95
735350	104.18
735353	104.49
735354	105.5
735355	105.75
735356	107.44
735357	108.14
735360	108.23
735361	108.49
735362	116.11
735363	115.77
735364	115.29
735367	114.61
735368	115.12
735369	116.24
735370	115.41
735371	116.89
735374	118.02
735375	118.41
735376	117.55
735377	117.28
735378	117.31
735382	116.31
735383	114.37
735384	114.94
735385	113.86
735388	112.74
735389	112.31
735390	111.67
735391	111.81
735392	113.96
735395	114.66
735396	112.87
735397	112.02
735398	113.85
735399	114.29
735402	114.38
735403	114.62
735404	113.93
735405	110.79
735406	110.97
735409	111.55
735410	110.7
735411	115.54
735412	115.57
735413	114.5
735416	116.18
735417	114.28
735418	114.62
735420	115.73
735423	115.94
735424	116.01
735425	116.01
735426	118.23
735427	118.64
735430	119.51
735431	118.3
735432	118.06
735433	118.48
735434	118.48
735437	118.65
735438	118.12
735439	118.46
735440	118.58
735441	124.85
735444	124.08
735445	123.43
735446	122.66
735447	123.51
735448	123.42
735451	123.46
735452	123.57
735453	123.09
735454	124.43
735455	124.21
735458	122.87
735459	123.54
735460	123.39
735461	122.21
735462	121.82
735465	121.63
735466	122.52
735467	122.08
735468	122.92
735469	122.95
735472	122.38
735473	120.85
735474	121.2
735475	121.56
735476	121.41
735480	122.52
735481	123
735482	122.94
735483	123.57
735486	124.25
735487	125.92
735488	127.7
735489	128.6
735490	128.7
735493	129.78
735494	131.08
735495	131.61
735496	132.01
735497	131.27
735500	129.5
735501	127.91
735502	128.48
735503	128.44
735504	129.29
735507	128.3
735508	131.52
735509	130.55
735510	129.57
735511	131.87
735514	129.63
735515	133.72
735516	133.48
735517	137.88
735518	138.31
735521	138.69
735522	137.95
735523	140.79
735524	142.82
735525	141.45
735528	141.02
735529	142.13
735530	143.05
735531	150
735532	154.99
735535	153.28
735536	155.87
735537	156.04
735538	156.34
735539	159.44
735542	159.72
735543	158.92
735544	156.46
735545	156.29
735546	158.56
735549	158.9
735550	157.89
735551	157.89
735552	159.46
735553	160.15
735556	158.78
735557	159.21
735558	158.39
735559	160.9
735560	163.61
735563	165.14
735564	164.35
735565	165.5
735567	165.89
735570	164.67
735571	163.87
735572	162.74
735573	159.98
735574	162.81
735577	163.03
735578	159.94
735579	158.34
735580	156.75
735581	157.39
735584	157.46
735585	158.42
735586	161.03
735587	160.59
735588	161.5
735591	160.4
735592	160.27
735594	161.37
735595	160.98
735598	160.69
735599	161.4
735601	160.16
735602	160.71
735605	160.26
735606	161.83
735607	169.81
735608	175.33
735609	175.44
735612	167.14
735613	167.47
735614	167.32
735615	168.56
735616	168.12
735620	168.55
735621	169.68
735622	172.37
735623	173.72
735626	172.98
735627	175.26
735628	173.28
735629	177.23
735630	174.41
735633	171
735634	169.44
735635	168.62
735636	172.4
735637	174.99
735640	172.77
735641	175.05
735642	174.95
735643	175.67
735644	175.6
735648	177.48
735649	177.66
735650	177.58
