734268	56.59
734269	57.46
734270	58
734271	56.85
734272	56.32
734275	56.63
734276	55.44
734277	55.18
734278	53.26
734279	53.7
734282	52.65
734283	52.28
734284	51.53
734285	52.64
734286	52.41
734290	51.95
734291	52.94
734292	53.08
734293	51.47
734296	50.72
734297	50.47
734298	50.51
734299	51.5
734300	51.71
734303	51.4
734304	53.13
734305	52.85
734306	53.1
734307	53.25
734310	53.19
734311	52.18
734312	51.96
734313	50.8
734314	50.38
734317	50.59
734318	48.75
734319	48.39
734320	47.73
734321	47.58
734325	47.47
734326	48.81
734327	49.5
734328	48.81
734331	48.1
734333	48.57
734334	49.02
734335	47.73
734338	48.03
734339	48.45
734340	48.14
734341	48.69
734342	49.06
734345	49.64
734346	48.31
734347	48.27
734348	46.67
734349	46.27
734352	46.89
734353	45.99
734354	46.34
734355	46.43
734356	46.14
734359	46.45
734360	46.3
734361	44.93
734362	44.59
734363	44.74
734366	44.76
734367	45.46
734368	45.23
734369	44.01
734370	43.75
734373	43.49
734374	43.26
734375	43.21
734376	43.25
734377	44.23
734380	44.2
734382	45.06
734383	45.66
734384	45.67
734388	45.68
734389	45.32
734390	45.47
734391	46.69
734394	46.5
734395	46.21
734396	45.84
734397	45.72
734398	45.89
734401	46.96
734402	46.29
734403	45.84
734404	45.01
734405	45.87
734408	45.37
734409	45.77
734411	45.71
734412	44.61
734417	45.93
734418	45.71
734419	45.4
734422	45.5
734423	45.63
734424	45.88
734425	45.52
734426	45.71
734429	47.33
734431	47.24
734432	47.83
734433	47.6
734436	47.14
734437	47.55
734438	47.3
734439	45.64
734443	46.9
734444	47.8
734445	47.73
734446	48.06
734447	48.15
734450	48.33
734451	48.02
734452	47.96
734453	47.15
734454	46.41
734457	46.54
734458	45.9
734459	46.34
734460	47.07
734461	47.01
734464	46.53
734465	46.44
734466	47.01
734468	46.48
734471	46.54
734472	46.25
734474	48.33
734475	47.43
734479	47.2
734480	46.46
734481	45.87
734482	45.58
734485	45.58
734486	45.63
734487	44.86
734488	45.39
734489	45.17
734492	44.96
734493	44.95
734494	45.6
734495	45.58
734499	45.57
734500	45.65
734501	45.45
734502	45.45
734506	46.09
734507	46.99
734508	47.7
734509	48.72
734510	49.85
734513	49.64
734514	49.22
734515	49.35
734516	49.52
734517	50.26
734522	51.21
734524	52.15
734528	52.32
734529	51.6
734530	51.14
734531	49.48
734534	49.99
734535	50.5
734536	50.11
734537	49.91
734538	50.2
734541	51.15
734542	51.56
734543	51.49
734544	51.2
734545	51.08
734548	50.86
734549	50.79
734550	50.94
734551	51.5
734552	52.16
734556	51.39
734558	50.89
734559	51.24
734562	51.21
734563	50.6
734564	51.02
734565	52.09
734566	51.72
734569	51.09
734570	52.21
734571	52.51
734572	51.89
734573	52.13
734576	51.54
734577	51.05
734578	49.77
734579	49.93
734583	50.42
734584	50.39
734585	50.43
734586	51.28
734587	50.8
734590	50.7
734591	50.7
734592	50.44
734593	50.87
734594	51.21
734597	50.46
734598	50.57
734599	51.23
734600	51.49
734601	50.79
734604	50.72
734605	50.14
734606	48.68
734607	48.23
734608	48.81
734611	48.05
734612	48.01
734613	48.79
734614	48.75
734618	48.74
734619	49.49
734621	49.25
734622	48.55
734625	48.99
734626	49.37
734627	48.89
734628	48.92
734629	49.44
734632	49.51
734633	49.32
734634	49.36
734635	49.2
734636	49.19
734639	49.07
734640	48.85
734641	49.27
734642	49.73
734643	49.45
734646	49.41
734647	50.07
734648	50.1
734649	49.82
734650	50.03
734654	50.38
734655	49.26
734656	48.82
734657	48.81
734660	48.81
734661	48.58
734662	48.15
734663	48.61
734664	48.28
734667	48.35
734668	49.05
734669	48.36
734670	48.4
734671	48.77
734674	49.02
734675	49.58
734676	49.12
734677	48.39
734678	47.93
734681	48.4
734682	48.72
734683	49.07
734684	49.85
734685	50.11
734689	49.63
734690	49.62
734691	49.58
734695	47.78
734696	47.22
734697	47.2
734698	46.52
734699	46.05
734703	45.75
734704	46.63
734705	47.32
734706	46.74
734709	46.53
734710	46.45
734711	44.98
734712	45.02
734713	44.73
734716	44.32
734717	43.88
734718	43.29
734719	41.21
734720	41.3
734723	39.41
734724	40.31
734725	39
734726	40.1
734731	40.91
734732	41.36
734733	40.15
734734	39.87
734737	39.93
734738	41.05
734739	42.06
734740	40.89
734741	41.59
734744	42.57
734745	42.85
734746	43.23
734747	42.56
734748	41.27
734752	40.75
734753	41.84
734754	41.42
734755	40.64
734758	40.94
734759	41.09
734760	41.07
734761	41.57
734762	42.13
734765	41.88
734766	41.35
734767	39.81
734768	38.83
734769	39.31
734772	40.41
734773	40.57
734774	40.68
734775	41.26
734776	40.87
734779	39.5
734780	40.15
734781	40.02
734782	39.97
734783	41
734786	42.08
734787	41.84
734788	42.62
734789	42.42
734793	41.97
734794	42.88
734795	42.96
734796	42.76
734797	43.97
734800	44.46
734801	43.86
734802	42.44
734803	43.72
734804	43.54
734807	44.19
734808	42.69
734809	43.18
734810	44.26
734811	44.18
734814	45.47
734815	45.74
734816	44.38
734817	44.66
734818	45.54
734821	45.13
734822	45.59
734823	44.5
734824	43.84
734825	44
734828	43.35
734829	43.46
734830	42.62
734832	43.12
734835	43.94
734836	43.69
734837	45.57
734838	45.29
734839	45.35
734842	45.11
734843	45.64
734844	46.05
734845	44.8
734846	45.55
734849	44.82
734850	44.92
734851	44.92
734852	45.38
734853	45.51
734856	45.58
734857	46.95
734858	47.1
734859	48.17
734860	48.37
734864	48.62
734865	48.63
734866	49.07
734867	48.38
734870	48.38
734871	48.53
734872	48.59
734873	48.05
734874	48.08
734877	48.16
734878	48.7
734879	48.8
734880	49.48
734881	48.67
734886	49.62
734887	49.98
734888	49.88
734891	49.84
734892	49.69
734893	49.12
734894	49.71
734895	49.89
734898	48
734899	47.99
734900	48.74
734901	48.55
734902	48.97
734905	49.3
734906	49.17
734907	49.78
734908	49.97
734909	49.53
734912	50.31
734913	50.36
734914	49.34
734915	48.81
734916	49.86
734920	50.14
734921	50.41
734922	50.36
734923	50.78
734926	50.84
734927	50.67
734928	50.52
734929	51
734930	51.37
734933	51.62
734934	50.85
734935	50.71
734936	51.72
734937	51.83
734940	51.83
734941	52.73
734942	52.5
734944	52.12
734947	52.19
734948	51.77
734949	51.5
734950	51.96
734951	52.16
734954	52.96
734955	52.93
734956	52.52
734957	52.86
734958	52.78
734961	52.7
734962	52.56
734963	52.44
734964	52.35
734968	51.77
734969	51.09
734970	51.51
734971	52.7
734972	52.53
734975	52.6
734976	53.03
734977	52.93
734978	52.53
734979	53.11
734982	52.7
734983	52.98
734984	52.91
734985	53.93
734986	53.91
734989	54.14
734990	54.3
734991	54.02
734992	54
734993	53.56
734996	53.68
734997	53.45
734998	52.66
734999	52.37
735000	52.15
735003	51.83
735004	51.31
735005	51.13
735006	50.16
735007	49.94
735010	50.28
735011	50.46
735012	50.26
735014	49.67
735018	50.18
735019	50.39
735020	50.58
735021	49.48
735024	49.3
735025	49.62
735026	50.68
735027	51.26
735028	51.58
735031	51.28
735032	52.37
735033	52.27
735034	53.09
735035	53.67
735038	54.32
735039	54.64
735040	54.89
735041	54.3
735042	54.82
735045	54.21
735046	54.27
735047	55.1
735048	54.88
735049	56.59
735052	55.98
735053	56.49
735055	56.07
735056	55.88
735059	56.33
735060	56.09
735061	55.31
735062	55.11
735063	55.93
735066	55.77
735067	56.14
735068	56.8
735069	56.86
735070	56.11
735073	55.74
735074	55.22
735075	55.08
735076	54.89
735080	55.54
735081	55.48
735082	54.91
735083	54.28
735084	55.2
735087	55.33
735088	55.72
735089	55.75
735090	55.96
735091	56.11
735094	56.16
735095	56.11
735096	56.24
735097	56.42
735098	56.23
735101	56.49
735102	56.53
735103	55.81
735104	55.68
735105	55.8
735108	56.34
735109	56.23
735110	56.74
735111	56.3
735112	56.52
735116	56.45
735117	56.84
735118	57.98
735119	57.82
735122	57.34
735123	57.39
735124	57.81
735125	58.4
735126	57.81
735129	57.98
735130	57.87
735131	58.15
735132	58.05
735133	58.11
735136	57.86
735137	58.05
735138	57.59
735139	57.54
735140	57.16
735143	55.58
735144	54.75
735145	54.98
735146	55.27
735147	55.48
735150	55.32
735151	55.04
735152	54.81
735153	54.88
735154	54.88
735157	55.34
735158	56.23
735159	56.66
735160	56.7
735161	55.87
735164	55.65
735165	54.95
735166	55.15
735167	55.74
735168	55.71
735171	55.71
735173	56.56
735174	57.16
735175	57.03
735178	56.45
735179	57.34
735180	55.47
735181	55.12
735182	56.06
735185	55.39
735186	55.86
735187	54.48
735188	54
735189	54.46
735192	55.26
735193	55.44
735194	55.84
735196	56.2
735199	56.25
735200	56.11
735201	56.37
735202	56.85
735203	57.13
735206	56.41
735207	56.76
735208	57.25
735209	57.28
735210	57.4
735213	57.91
735214	58.15
735215	58.14
735216	57.51
735217	57.49
735220	58.17
735221	58.9
735222	58.75
735223	59.28
735224	59.23
735227	58.72
735229	57.31
735230	57.8
735231	56.7
735234	57.56
735236	58.62
735237	58.64
735238	59.01
735241	58.35
735242	57.74
735243	58.21
735244	58.58
735245	57.99
735248	57.87
735249	58.15
735250	57.77
735251	58.25
735252	58.1
735256	58.37
735257	58.2
735258	56.54
735259	55.88
735262	54.87
735263	54.9
735264	54.79
735265	54.15
735266	52.68
735269	53.02
735270	53.51
735271	53.42
735272	53.63
735273	54.11
735276	54.16
735277	54.55
735278	54.36
735279	53.97
735280	53.76
735284	54.29
735285	54.05
735286	53.94
735287	54.44
735290	54.03
735291	54.21
735292	55.06
735293	54.57
735294	54.67
735297	54.24
735298	54.85
735299	55.36
735300	55.64
735301	56.03
735304	55.98
735305	56.13
735306	57.18
735307	57.32
735308	57.93
735311	57.03
735312	57.1
735313	57
735314	56.86
735315	57.04
735318	56.76
735319	57.81
735320	58.1
735321	58.75
735325	57.89
735326	57.54
735327	58.22
735328	58.54
735329	58.18
735332	58.25
735333	57.96
735334	58.22
735335	58.41
735336	58.34
735339	57.44
735340	57.39
735341	56.57
735342	56.14
735343	57.15
735346	56.94
735347	56.92
735348	58.01
735349	59.3
735350	60.2
735353	60.72
735354	61.67
735355	61.66
735356	62.5
735357	63.04
735360	62.98
735361	63.49
735362	63.16
735363	63.46
735364	64.27
735367	63.93
735368	64.64
735369	65.77
735370	65.64
735371	66.89
735374	66.78
735375	66.76
735376	66.24
735377	66.75
735378	66.73
735382	67.75
735383	67.1
735384	67.33
735385	66.64
735388	66.24
735389	66.35
735390	65.5
735391	65.98
735392	67.41
735395	66.95
735396	66.54
735397	66.71
735398	67.67
735399	67.41
735402	67.78
735403	68.07
735404	66.9
735405	66.11
735406	66.11
735409	65.51
735410	65.32
735411	65.93
735412	66.44
735413	66.12
735416	66.1
735417	64.82
735418	65.15
735420	65.84
735423	66.84
735424	67.44
735425	67.44
735426	69.38
735427	69.47
735430	70.04
735431	69.56
735432	69.46
735433	69.7
735434	69.7
735437	69.8
735438	69.71
735439	69.75
735440	69.75
735441	70.01
735444	70.95
735445	71.22
735446	71.84
735447	73.77
735448	75.65
735451	76.08
735452	75.79
735453	76.38
735454	76.8
735455	76.98
735458	76.02
735459	76.8
735460	76.4
735461	75.6
735462	76.74
735465	76.35
735466	76.05
735467	75.88
735468	76.65
735469	77.65
735472	77.02
735473	75.26
735474	75.52
735475	75.68
735476	75.41
735480	75.69
735481	76.08
735482	75.8
735483	75.61
735486	75.85
735487	76.89
735488	77.43
735489	77.57
735490	78.48
735493	79.66
735494	80.26
735495	80.62
735496	80.69
735497	79
735500	78.69
735501	78.71
735502	78.72
735503	79.8
735504	78.74
735507	77.07
735508	77.81
735509	76.08
735510	74.92
735511	74.25
735514	75.22
735515	74.05
735516	73.97
735517	76.26
735518	76.23
735521	76.38
735522	75.68
735523	76.26
735524	77.63
735525	76.86
735528	75.07
735529	76.21
735530	78.49
735531	78.08
735532	79.96
735535	81.09
735536	81.87
735537	82.1
735538	82.37
735539	83.75
735542	84.12
735543	84.49
735544	84.94
735545	84.27
735546	85.36
735549	85.04
735550	84.85
735551	85.46
735552	85.68
735553	85.28
735556	85.66
735557	85.59
735558	85.5
735559	86.84
735560	87.36
735563	87.34
735564	88.39
735565	89.15
735567	88.68
735570	87.67
735571	88.78
735572	86.05
735573	86
735574	86.68
735577	86.85
735578	87.01
735579	85.4
735580	85.71
735581	86.44
735584	86.63
735585	86.79
735586	88.73
735587	88.49
735588	88.39
735591	89.09
735592	89.6
735594	91.04
735595	90.85
735598	90.43
735599	90.7
735601	88.78
735602	88.82
735605	89.15
735606	88.69
735607	88.96
735608	90
735609	90.66
735612	89.93
735613	91.14
735614	91.16
735615	90.68
735616	90.07
735620	91.53
735621	92.45
735622	91.1
735623	88.13
735626	88.56
735627	89.21
735628	88.63
735629	91.89
735630	95.07
735633	92.45
735634	90.98
735635	92.75
735636	93.6
735637	94.27
735640	93.23
735641	94.29
735642	95.67
735643	95.29
735644	95.93
735648	95.87
735649	95.16
735650	96.35
