734264	79.34
734265	78.88
734268	81.3
734269	80.39
734270	81.75
734271	80.51
734272	77.9
734275	78.08
734276	77.79
734277	76.54
734278	74.27
734279	77.1
734282	75.97
734283	76.29
734284	76.85
734285	78.91
734286	77.6
734290	76.25
734291	78.04
734292	76.45
734293	74.12
734296	74.24
734297	75.93
734298	76.1
734299	77.65
734300	77.78
734303	77.5
734304	79.3
734305	80.09
734306	80.74
734307	81.17
734310	81.83
734311	80.55
734312	80.2
734313	79.1
734314	79.45
734317	79.35
734318	77.37
734319	75.99
734320	76.77
734321	76.88
734325	77.46
734326	79.91
734327	81.08
734328	81.33
734331	81.5
734333	82.83
734334	82.81
734335	80.96
734338	81.03
734339	82.45
734340	82.36
734341	84.33
734342	85.39
734345	85.65
734346	85.83
734347	86.28
734348	85.81
734349	86.82
734352	87.87
734353	87.8
734354	88.45
734355	88.56
734356	87.76
734359	88.78
734360	88.69
734361	86.86
734362	87.31
734363	87.29
734366	87.98
734367	89.14
734368	89.09
734369	88.11
734370	88.35
734373	87.49
734374	86.18
734375	85.93
734376	85.58
734377	87.28
734380	85.94
734382	87.1
734383	86.15
734384	87.24
734388	86.43
734389	86.58
734390	86.57
734391	86.45
734394	87.36
734395	87.88
734396	88.2
734397	89.04
734398	88.36
734401	88.62
734402	88.08
734403	88.05
734404	88.03
734405	90.09
734408	89.81
734409	90.43
734411	90.26
734412	89.65
734417	91.18
734418	90.21
734419	90.62
734423	90.86
734424	91.9
734425	90.71
734426	90.71
734429	90.78
734431	91.01
734432	92.76
734433	92.18
734436	93.77
734437	93.5
734438	90.51
734439	90.92
734443	91.34
734444	92.31
734445	92.24
734446	92.29
734447	92.94
734450	93.62
734451	92.02
734452	93.09
734453	92.82
734454	91.58
734457	91.51
734458	90.4
734459	90.31
734460	91.87
734461	92.49
734464	92
734465	91.16
734466	92.65
734468	92.05
734471	91.92
734472	92.05
734474	94.43
734475	94.2
734479	94.08
734480	93.55
734481	93.72
734482	93.39
734485	93.39
734486	92.57
734487	93.09
734488	93.86
734489	93.52
734492	94.79
734493	95.97
734494	95.65
734495	95.51
734499	95.38
734500	95.61
734501	95.93
734502	95.93
734506	95.22
734507	94.56
734508	94.49
734509	93.05
734510	94.29
734513	93.18
734514	93.3
734515	93.72
734516	92.9
734517	92.99
734522	92.28
734524	91.04
734529	91.49
734530	91.91
734531	90.87
734534	93.04
734535	95.28
734536	95.02
734537	94.82
734538	95.24
734541	95.09
734542	95.18
734543	94.77
734544	95.53
734545	97
734548	96.79
734549	96.86
734550	98.23
734551	98.32
734552	99.09
734556	97.84
734558	97.46
734559	98.3
734562	99.38
734563	97.78
734564	97.98
734565	98.5
734566	98.26
734569	96.92
734570	97.75
734571	97.73
734572	96.64
734573	97.98
734576	98.15
734577	97.26
734578	95.2
734579	96.48
734583	97.93
734584	97.89
734585	98.74
734586	99.55
734587	99.87
734590	99.45
734591	100.92
734592	101.02
734593	101.6
734594	101.98
734597	102.39
734598	103.02
734599	103.13
734600	102.52
734601	102.29
734604	101.37
734605	100.53
734606	101.38
734607	101.85
734608	103.15
734611	102.9
734612	105.84
734613	106.23
734614	106.51
734618	106.81
734619	108.12
734621	107.18
734622	106.42
734625	105.42
734626	104.97
734627	103.3
734628	102.9
734629	103.6
734632	104.42
734633	105.16
734634	103.58
734635	104.15
734636	102.85
734639	103.03
734640	102.21
734641	104.52
734642	105.06
734643	104.47
734646	103.3
734647	103.01
734648	104.58
734649	104.28
734650	105.02
734654	105.84
734655	103.39
734656	103.15
734657	100.86
734660	100.86
734661	100.09
734662	100
734663	101.65
734664	100.02
734667	100.46
734668	102.13
734669	100.47
734670	101.08
734671	101.06
734674	102.12
734675	103.81
734676	103.83
734677	103.51
734678	103.29
734681	103.83
734682	106.1
734683	107.98
734684	108.39
734685	109.01
734689	108.41
734690	109.44
734691	111.3
734695	108.36
734696	107.72
734697	107.3
734698	106.33
734699	107.03
734703	106.73
734704	106.25
734705	107.19
734706	105.11
734709	105.1
734710	103.92
734711	101.69
734712	102.17
734713	103.64
734716	102.51
734717	100.57
734718	101.9
734719	97.7
734720	96.34
734723	91.36
734724	93.68
734725	92.38
734726	96.32
734731	98.74
734732	98.4
734733	93.43
734734	90.16
734737	88.93
734738	91.77
734739	92.45
734740	92.47
734741	94.39
734744	97.33
734745	98.23
734746	98.49
734747	98.19
734748	96.6
734752	96.38
734753	98.39
734754	97.03
734755	94.72
734758	94.39
734759	95.46
734760	98.21
734761	99.97
734762	100.81
734765	100.09
734766	101.51
734767	97.06
734768	93.46
734769	92.91
734772	95.08
734773	96.52
734774	95.34
734775	95.41
734776	93.48
734779	91.74
734780	94.95
734781	97.45
734782	98.29
734783	98.09
734786	101.96
734787	100.86
734788	101.62
734789	101.04
734793	100.91
734794	103.07
734795	100.73
734796	101.55
734797	103.5
734800	103.6
734801	101.65
734802	104.32
734803	105.17
734804	105.27
734807	101.67
734808	98.53
734809	100.46
734810	101.89
734811	100.46
734814	101.03
734815	102.2
734816	98.3
734817	99.84
734818	101.49
734821	101.39
734822	100.83
734823	98.45
734824	96.73
734825	97
734828	95.94
734829	95.34
734830	93.95
734832	93.51
734835	97.2
734836	96.81
734837	102
734838	100.85
734839	100.46
734842	101.81
734843	102.44
734844	103.9
734845	102.82
734846	103.53
734849	102.34
734850	102.12
734851	101.88
734852	103.28
734853	103.77
734856	103.06
734857	105.52
734858	105.15
734859	105.73
734860	106.59
734864	107.29
734865	106.04
734866	107.14
734867	106.9
734870	106.9
734871	107.85
734872	108.99
734873	107.91
734874	107.96
734877	106.92
734878	107.58
734879	107.72
734880	109.53
734881	108.54
734886	111.08
734887	110.67
734888	109.32
734891	109.61
734892	109.1
734893	104.97
734894	106.07
734895	106.45
734898	106.39
734899	106.2
734900	106.71
734901	105.69
734902	108.02
734905	108.33
734906	108.49
734907	108.33
734908	108.23
734909	107.16
734912	107.18
734913	107.27
734914	107.66
734915	108.97
734916	110
734920	110
734921	109.67
734922	110.05
734923	109.89
734926	109.91
734927	109.68
734928	109
734929	109.8
734930	109.7
734933	108.42
734934	107.46
734935	108.16
734936	109.95
734937	109.68
734940	109.68
734941	111.13
734942	110.46
734944	110.72
734947	111.18
734948	110.78
734949	111.72
734950	110.86
734951	112.17
734954	113.99
734955	114.56
734956	113.74
734957	114.38
734958	114.64
734961	115.04
734962	114.78
734963	113.73
734964	113.94
734968	112.35
734969	109.65
734970	111.37
734971	113.62
734972	112.03
734975	112.95
734976	114.25
734977	113.98
734978	113.82
734979	113.69
734982	112.67
734983	112.43
734984	113.77
734985	115.33
734986	116.47
734989	115.7
734990	116.19
734991	116.44
734992	116.18
734993	114.72
734996	114.73
734997	114.37
734998	112.27
734999	111.75
735000	111.68
735003	110.4
735004	110.01
735005	109.37
735006	105.87
735007	105.11
735010	108.38
735011	107.68
735012	108.35
735014	107.87
735018	109.39
735019	106.26
735020	105.96
735021	103.51
735024	103.98
735025	102.09
735026	104.19
735027	104.67
735028	105.91
735031	104.94
735032	106.55
735033	104.67
735034	104.53
735035	105.58
735038	105.92
735039	108.15
735040	107.36
735041	104.88
735042	105.36
735045	104.04
735046	104.41
735047	104.13
735048	105.34
735049	108.73
735052	108.34
735053	109.62
735055	109.8
735056	109.01
735059	109.05
735060	107.66
735061	107.36
735062	105.86
735063	107.36
735066	107.1
735067	108.62
735068	108.65
735069	109.12
735070	107.53
735073	106.28
735074	104.56
735075	102.94
735076	104.67
735080	105.41
735081	103.76
735082	103.98
735083	103.07
735084	105.78
735087	105.05
735088	107.04
735089	107.98
735090	107.97
735091	108.16
735094	107.7
735095	107.3
735096	107.97
735097	108.7
735098	107.71
735101	108.47
735102	107.72
735103	109.55
735104	107.61
735105	107.12
735108	105.91
735109	104.6
735110	105.13
735111	104.82
735112	105.5
735116	104.23
735117	104.43
735118	106.56
735119	107.02
735122	106.79
735123	106.58
735124	106.38
735125	106.53
735126	107.94
735129	107.96
735130	108.27
735131	108.4
735132	108.55
735133	107.81
735136	107.05
735137	106.3
735138	103.85
735139	104.43
735140	103.88
735143	104.01
735144	103.79
735145	104.51
735146	105.25
735147	105.61
735150	105.65
735151	105.36
735152	103.85
735153	103.7
735154	103.87
735157	104.88
735158	106.58
735159	108.22
735160	108.1
735161	104.88
735164	105.26
735165	104.49
735166	104.59
735167	104.78
735168	105.3
735171	105.3
735173	106.21
735174	108.49
735175	109.7
735178	109.47
735179	110
735180	109.06
735181	107.98
735182	107.4
735185	107.43
735186	107.23
735187	106.21
735188	105.53
735189	104.29
735192	105.65
735193	105.56
735194	105.18
735196	106.93
735199	106.71
735200	106.31
735201	106.56
735202	106.11
735203	107.21
735206	105.37
735207	105.71
735208	105.93
735209	106.29
735210	107.31
735213	107.84
735214	107.98
735215	106.63
735216	107.48
735217	106.96
735220	107.72
735221	109.52
735222	108.4
735223	109.46
735224	108.66
735227	109.74
735229	110.09
735230	109.58
735231	107.9
735234	109.45
735236	112.58
735237	112.58
735238	113.34
735241	113.09
735242	113.88
735243	113.87
735244	114.18
735245	114
735248	114.1
735249	113.81
735250	112.57
735251	113.23
735252	113.52
735256	114.02
735257	110.77
735258	111.12
735259	111.73
735262	109.98
735263	110.55
735264	109.96
735265	109.94
735266	110.37
735269	110.18
735270	110.58
735271	110.79
735272	110.13
735273	110.43
735276	111.61
735277	110.99
735278	110.98
735279	111.77
735280	111.21
735284	110.74
735285	110.38
735286	109.96
735287	111.17
735290	109.54
735291	110.58
735292	112.22
735293	113.05
735294	113.51
735297	112.9
735298	113.41
735299	112.9
735300	112.67
735301	113.64
735304	113.44
735305	112.92
735306	112.77
735307	113.6
735308	113.54
735311	112.99
735312	113.48
735313	113.64
735314	111.27
735315	111.59
735318	112.14
735319	112.1
735320	111.28
735321	111.46
735325	111.08
735326	111
735327	110.54
735328	111.26
735329	110.98
735332	111.54
735333	111.36
735334	112.97
735335	112.35
735336	111
735339	107.69
735340	110.13
735341	109.64
735342	109.6
735343	109.75
735346	109.75
735347	110.11
735348	112.85
735349	112.82
735350	112.73
735353	114.38
735354	113.98
735355	113.18
735356	113.46
735357	114.69
735360	113.66
735361	113.82
735362	113.89
735363	114.23
735364	114
735367	113.11
735368	114.28
735369	115.12
735370	114
735371	116.2
735374	115.77
735375	115.91
735376	115.7
735377	115.8
735378	115.96
735382	116.22
735383	115.53
735384	115.31
735385	114.33
735388	115.51
735389	116.66
735390	115
735391	114.16
735392	114.21
735395	114.83
735396	114.07
735397	114.98
735398	116.69
735399	117.91
735402	118.45
735403	119.01
735404	119.52
735405	116.36
735406	115.26
735409	114.1
735410	114.39
735411	115.94
735412	114.89
735413	115.16
735416	116.73
735417	114.7
735418	114.77
735420	115.69
735423	115.74
735424	117.59
735425	117.59
735426	117.39
735427	117.09
735430	116.47
735431	116.03
735432	116.46
735433	116.7
735434	116.7
735437	117.14
735438	117
735439	118.06
735440	119.2
735441	119
735444	119.46
735445	120.68
735446	120.17
735447	120.04
735448	120.31
735451	120.1
735452	120.48
735453	120.35
735454	121.31
735455	121.06
735458	119.82
735459	120.27
735460	119.23
735461	118.24
735462	117.89
735465	117.24
735466	117.47
735467	117.52
735468	118.21
735469	118.71
735472	117.94
735473	116.83
735474	116.41
735475	116.25
735476	117.4
735480	117.47
735481	117.79
735482	117.92
735483	118.11
735486	119.25
735487	119.93
735488	121.1
735489	120.24
735490	120.47
735493	122.21
735494	121.39
735495	123.73
735496	122.78
735497	121.73
735500	120.85
735501	120.51
735502	119.52
735503	120.19
735504	119.86
735507	120.21
735508	120.83
735509	121.43
735510	120.1
735511	121.41
735514	119.78
735515	117.75
735516	119.02
735517	121.31
735518	121.71
735521	122.25
735522	121.1
735523	123.17
735524	124.4
735525	124.94
735528	124.79
735529	125.81
735530	123.83
735531	124.02
735532	125.24
735535	124.04
735536	124.66
735537	124.5
735538	124.71
735539	124.09
735542	123.73
735543	125.01
735544	125.89
735545	124.18
735546	124.49
735549	124.68
735550	124.05
735551	124.54
735552	125.62
735553	126.8
735556	126.29
735557	126.24
735558	124.5
735559	125.42
735560	126.57
735563	126.07
735564	126.07
735565	126.58
735567	126.26
735570	124.78
735571	124.24
735572	123.62
735573	122.49
735574	125.46
735577	125.41
735578	125.94
735579	124.12
735580	124.68
735581	124.25
735584	125.02
735585	125.24
735586	126.66
735587	127.15
735588	127.54
735591	127.96
735592	128.97
735594	129.57
735595	130.01
735598	130.01
735599	130.03
735601	129.5
735602	129.68
735605	129.49
735606	130.24
735607	130.93
735608	131
735609	132.49
735612	130.8
735613	131.86
735614	132.92
735615	132.57
735616	132.44
735620	133.21
735621	133.21
735622	131.28
735623	126.97
735626	125.74
735627	125.7
735628	127.33
735629	125.49
735630	124.72
735633	121.51
735634	122.38
735635	122.71
735636	124.28
735637	127.06
735640	127.68
735641	128.43
735642	128.08
735643	129.41
735644	129.81
735648	129.72
735649	128.15
735650	128.07
