734268	66.83
734269	66.84
734270	66.65
734271	66.94
734272	64.88
734275	64.15
734276	63.74
734277	62.59
734278	59.22
734279	60.5
734282	57.6
734283	58.46
734284	58.75
734285	60.02
734286	56.15
734290	51.75
734291	56.31
734292	56.63
734293	55.74
734296	54.23
734297	55.56
734298	55.47
734299	59.17
734300	59.48
734303	58.66
734304	60.87
734305	60.81
734306	61.36
734307	60.53
734310	60.33
734311	58.26
734312	58.33
734313	57.14
734314	58.22
734317	57.34
734318	55.08
734319	55.34
734320	55.26
734321	54.96
734325	55.54
734326	57.54
734327	58.54
734328	58.56
734331	58.25
734333	58.89
734334	58.67
734335	56.68
734338	59.15
734339	61.04
734340	59.59
734341	61.3
734342	59.35
734345	58.85
734346	58.93
734347	59.73
734348	59.81
734349	59.66
734352	62.74
734353	62.86
734354	62.92
734355	63.26
734356	62.34
734359	62.75
734360	62.15
734361	60.06
734362	59.3
734363	58.76
734366	59.37
734367	60.31
734368	59.18
734369	57.82
734370	56.46
734373	55.82
734374	54.77
734375	54.69
734376	53.46
734377	55.76
734380	54.17
734382	55.18
734383	56.42
734384	57.37
734388	57.13
734389	58.34
734390	58.53
734391	59.31
734394	60.15
734395	58.85
734396	58.19
734397	58.18
734398	58.1
734401	58.84
734402	59.29
734403	58.98
734404	58.11
734405	60.64
734408	59.86
734409	60.29
734410	61.52
734411	61.61
734412	62.43
734417	63.13
734418	62.99
734419	63.56
734422	63.5
734423	62.66
734424	64.62
734425	64.26
734426	64.5
734429	64.51
734431	64.29
734432	64.31
734433	67.77
734436	68.53
734437	69.11
734438	69.24
734439	69.78
734443	70.17
734444	71.47
734445	72.21
734446	75.8
734447	75.66
734450	74.84
734451	73.92
734452	74.65
734453	75.02
734454	74.11
734457	74.3
734458	73.18
734459	74.4
734460	75.5
734461	76.43
734464	76.4
734465	75.44
734466	77.15
734468	75.98
734471	77
734472	77.34
734474	80.74
734475	82.74
734478	82.86
734479	81
734480	80.9
734481	81.24
734482	81.54
734485	81.54
734486	81.33
734487	80.72
734488	81.13
734489	81.34
734492	82.18
734493	82.44
734494	82.81
734495	82.52
734499	82.42
734500	82.21
734501	83.63
734506	83.65
734507	81.63
734508	82.59
734509	80.53
734510	81.56
734513	80.68
734514	82.26
734515	84.45
734516	84.6
734517	86.91
734522	86.26
734524	83.48
734528	83.25
734529	87.45
734530	85.98
734534	88.99
734535	89.64
734536	89.08
734537	89.43
734538	89.33
734541	89.83
734542	89.06
734543	88.49
734544	90.63
734545	90.37
734548	92.24
734549	92.34
734550	94.01
734551	94.37
734552	95.04
734556	92.91
734558	89.65
734559	92.85
734562	93.42
734563	91.5
734564	90.99
734565	92.85
734566	91.4
734569	90.25
734570	89.85
734571	88.55
734572	84.61
734573	86.24
734576	85.36
734577	84.8
734578	83.1
734579	87.05
734583	89.73
734584	88.77
734585	88.5
734586	88.1
734587	86.89
734590	90.43
734591	94.36
734592	93.65
734593	93.26
734594	93.7
734597	92.77
734598	92.87
734599	91.94
734600	91.62
734601	90.85
734604	88.8
734605	86.24
734606	85.79
734607	86.02
734608	86.66
734611	84.75
734612	86.13
734613	87.89
734614	89.78
734618	88.05
734619	89.47
734621	89.11
734622	89.75
734625	87.79
734626	85.85
734627	84.79
734628	82.84
734629	82.66
734632	83.59
734633	84.49
734634	82.25
734635	83.52
734636	82.71
734639	82.19
734640	82.06
734641	83.75
734642	83.58
734643	83.5
734646	82.08
734647	83.28
734648	84.09
734649	85.19
734650	84.71
734654	85.72
734655	83.19
734656	84.29
734657	85.04
734660	85.04
734661	82.88
734662	83.73
734663	85.84
734664	83.66
734667	82.7
734668	84.5
734669	82.66
734670	82.25
734671	81.79
734674	82.13
734675	83.5
734676	83.58
734677	83.07
734678	80.92
734681	80.64
734682	84.35
734683	85.21
734684	86.4
734685	87.6
734689	88.35
734690	89.11
734691	90.4
734695	88.07
734696	86.84
734697	87
734698	85.92
734699	87.99
734703	88.7
734704	88.41
734705	90.96
734706	93.81
734709	94.7
734710	93.93
734711	91.68
734712	91.4
734713	90.37
734716	90.21
734717	87.62
734718	87.19
734719	80.79
734720	80.88
734723	73.67
734724	76.13
734725	73.81
734726	76.46
734731	78.63
734732	79.52
734733	74.41
734734	73.12
734737	72.49
734738	76.13
734739	76.23
734740	73.11
734741	74.84
734744	77.25
734745	77.33
734746	78.12
734747	76.5
734748	74.42
734752	74.32
734753	76.79
734754	75.47
734755	71.8
734758	72.38
734759	72.14
734760	72.93
734761	74.22
734762	72.84
734765	70.76
734766	69.29
734767	65.15
734768	61.22
734769	61.2
734772	63.27
734773	63.42
734774	61.46
734775	61.33
734776	59.73
734779	57.72
734780	59.11
734781	60.42
734782	61.58
734783	62.64
734786	65.79
734787	66.82
734788	67.31
734789	67.2
734793	67.52
734794	69.91
734795	67.9
734796	67.99
734797	67.38
734800	69.88
734801	68.03
734802	69.84
734803	74.54
734804	75.96
734807	73.47
734808	71.13
734809	72.74
734810	75.93
734811	74.97
734814	75.33
734815	76.83
734816	73.09
734817	74.05
734818	76.54
734821	75.62
734822	75.97
734823	74.77
734824	71.71
734825	71.32
734828	70.18
734829	68.95
734830	66.5
734832	66.37
734835	69.22
734836	70.43
734837	75.33
734838	74.87
734839	75.01
734842	77.15
734843	76.65
734844	75.09
734845	71.95
734846	74.15
734849	71.92
734850	70.41
734851	67
734852	66.33
734853	66.91
734856	65.07
734857	68.17
734858	67.71
734859	67.93
734860	69.14
734864	68.6
734865	67.04
734866	67.41
734867	68.31
734870	68.31
734871	70.09
734872	69.56
734873	68.07
734874	67.78
734877	68.82
734878	70.75
734879	70.16
734880	69.7
734881	67.99
734886	70.63
734887	72.86
734888	73.8
734891	74.16
734892	74.59
734893	75.23
734894	76.19
734895	75.98
734898	76.27
734899	75.17
734900	76.12
734901	77.31
734902	78.66
734905	79.64
734906	79.5
734907	78.41
734908	78.64
734909	77.17
734912	78.03
734913	77.8
734914	77.36
734915	78.06
734916	77.74
734920	78.58
734921	80
734922	79.59
734923	79.85
734926	79.11
734927	78.78
734928	77.61
734929	78.37
734930	77.19
734933	75.69
734934	73.79
734935	74.7
734936	75.82
734937	75.84
734940	75.84
734941	74.77
734942	74.02
734944	76.76
734947	77.1
734948	75.71
734949	74.01
734950	71.98
734951	73.18
734954	72.4
734955	69.96
734956	69.78
734957	69.14
734958	69.93
734961	69.84
734962	69.73
734963	68.69
734964	68.42
734968	67.59
734969	67.26
734970	68.12
734971	70.34
734972	68.38
734975	67.44
734976	69.35
734977	69.93
734978	69.8
734979	71.7
734982	71.19
734983	72.71
734984	74.46
734985	74.25
734986	73.95
734989	74.14
734990	75.13
734991	74.17
734992	72.61
734993	69.96
734996	70.6
734997	70.39
734998	69.64
734999	69.44
735000	68.8
735003	67.25
735004	65.52
735005	64.81
735006	64.75
735007	64.06
735010	66.76
735011	66.4
735012	67.18
735014	65.41
735018	67.24
735019	64.18
735020	63.03
735021	62.07
735024	62.21
735025	62.24
735026	64.59
735027	64.43
735028	64.54
735031	64.07
735032	64.93
735033	63.95
735034	65.38
735035	66.46
735038	66.54
735039	67.15
735040	65.54
735041	62.56
735042	61.56
735045	60.06
735046	59.67
735047	61.47
735048	62.72
735049	64.91
735052	64.94
735053	67.34
735055	66.1
735056	65.17
735059	65.82
735060	64.97
735061	65.66
735062	65.39
735063	66.72
735066	66.3
735067	67.79
735068	68.76
735069	68.64
735070	69.33
735073	69.55
735074	67.14
735075	68.25
735076	71.08
735080	72.54
735081	71.26
735082	71.68
735083	70.83
735084	72.39
735087	72.4
735088	73.61
735089	73.66
735090	74.33
735091	75.35
735094	75.2
735095	74.47
735096	73.87
735097	74.98
735098	74.78
735101	74.34
735102	74.59
735103	74.82
735104	74.19
735105	74.59
735108	74.85
735109	74.38
735110	72.96
735111	71.6
735112	72.38
735116	71.42
735117	71.25
735118	72.46
735119	73.17
735122	72.69
735123	73.66
735124	74.16
735125	75.67
735126	77.6
735129	77.14
735130	76.23
735131	74.71
735132	75.23
735133	75.02
735136	74.26
735137	72.69
735138	72.05
735139	73.24
735140	72.33
735143	72.58
735144	72.26
735145	71.19
735146	71.67
735147	71.49
735150	71.61
735151	71.82
735152	71.08
735153	72.42
735154	72.19
735157	72.76
735158	73.52
735159	74.55
735160	74.7
735161	74
735164	73.16
735165	71.54
735166	70.09
735167	70.74
735168	70.1
735171	70.1
735173	69.53
735174	70.15
735175	68.77
735178	69.95
735179	71.15
735180	70.13
735181	67.77
735182	68.37
735185	68.48
735186	69.07
735187	67.83
735188	69.16
735189	68.22
735192	70.69
735193	70.02
735194	70.21
735196	71.18
735199	70.43
735200	69.87
735201	70.73
735202	70.6
735203	71.62
735206	71.02
735207	71.22
735208	71.32
735209	71.5
735210	71.83
735213	72
735214	72.6
735215	72.79
735216	72.56
735217	68.91
735220	69.68
735221	71.35
735222	70.66
735223	71.1
735224	69.69
735227	69.28
735229	69.1
735230	69.17
735231	67.96
735234	69.29
735236	71.4
735237	70.92
735238	72.01
735241	72.21
735242	72.51
735243	72.2
735244	73.25
735245	73.75
735248	72.77
735249	72.59
735250	73.22
735251	73.37
735252	76.5
735256	78
735257	78.17
735258	78.02
735259	79.51
735262	79.28
735263	79.95
735264	78.87
735265	78.6
735266	78.05
735269	79.45
735270	80.16
735271	78.73
735272	77.86
735273	78
735276	79.07
735277	77.93
735278	78.53
735279	78.63
735280	81.56
735284	79.99
735285	78.53
735286	77.43
735287	77.79
735290	75.83
735291	76.33
735292	77.9
735293	77.85
735294	77.64
735297	76.5
735298	76.95
735299	77.16
735300	77.82
735301	77.96
735304	77.78
735305	77.44
735306	77.39
735307	78.75
735308	79.4
735311	76.34
735312	73.98
735313	73.79
735314	73.44
735315	74.37
735318	73.86
735319	74.42
735320	74.63
735321	75.27
735325	74.02
735326	74.81
735327	74.4
735328	73.94
735329	74.35
735332	74.96
735333	75.43
735334	76.99
735335	77.14
735336	75.66
735339	71.89
735340	73.29
735341	70.54
735342	71.62
735343	69.95
735346	71.23
735347	71.45
735348	73.27
735349	73.44
735350	73.34
735353	74.03
735354	74.28
735355	73.79
735356	74.25
735357	75.72
735360	76.16
735361	76.74
735362	77.59
735363	77.25
735364	76.82
735367	77.04
735368	76.86
735369	75.68
735370	75.27
735371	75.74
735374	77.42
735375	77.08
735376	75.58
735377	75.38
735378	74.66
735382	75.4
735383	74.98
735384	74.81
735385	73.03
735388	73.25
735389	72.85
735390	72.18
735391	73.3
735392	73.93
735395	73.3
735396	71.44
735397	70.95
735398	72.46
735399	71.6
735402	73.1
735403	74.16
735404	73.4
735405	72.14
735406	72.83
735409	71.24
735410	72.09
735411	71.81
735412	71.93
735413	71.66
735416	72.78
735417	72.61
735418	73.01
735420	74.09
735423	74.79
735424	76.54
735425	76.54
735426	76.63
735427	76.84
735430	77.02
735431	76.52
735432	77.61
735433	78.48
735434	78.48
735437	82.74
735438	83.57
735439	82.85
735440	82.57
735441	81.91
735444	81.15
735445	81.43
735446	81.33
735447	83.55
735448	82.89
735451	82.89
735452	82.22
735453	81.05
735454	81.23
735455	80.49
735458	80.25
735459	82.22
735460	82.16
735461	81.99
735462	81.92
735465	80.41
735466	80.62
735467	80.05
735468	82.21
735469	81.67
735472	81.9
735473	81.17
735474	82.68
735475	81.6
735476	80.94
735480	82.42
735481	82.86
735482	84.22
735483	85.14
735486	86.45
735487	86.9
735488	87.05
735489	86.58
735490	86.72
735493	87
735494	87.74
735495	88.95
735496	88.79
735497	87.44
735500	87.04
735501	87.91
735502	88.57
735503	88.83
735504	88.82
735507	88.36
735508	89.05
735509	89.85
735510	89.44
735511	90.01
735514	89.29
735515	87.95
735516	87.04
735517	89.42
735518	90.02
735521	91.17
735522	90.54
735523	92.18
735524	91.43
735525	93.99
735528	93.48
735529	94.46
735530	92.84
735531	92.85
735532	92.9
735535	92.85
735536	94
735537	93.88
735538	93.72
735539	93
735542	93.51
735543	92.39
735544	93.23
735545	92.05
735546	93.79
735549	93.87
735550	91.99
735551	93.08
735552	93.31
735553	92.98
735556	92.02
735557	91.28
735558	90.45
735559	91.01
735560	92.73
735563	89.81
735564	89.46
735565	87.95
735567	88.42
735570	87.6
735571	87.64
735572	87.28
735573	86.87
735574	88.15
735577	88.03
735578	87.01
735579	86.14
735580	86.96
735581	86.37
735584	87
735585	85.54
735586	87.26
735587	86.47
735588	87.27
735591	87.32
735592	88.31
735594	89.39
735595	89.9
735598	89.17
735599	90.11
735601	88.82
735602	88.35
735605	88.02
735606	87.51
735607	86.98
735608	86.48
735609	88.17
735612	87.46
735613	88.87
735614	88.89
735615	88.61
735616	90.21
735620	91.09
735621	91.21
735622	90.26
735623	88.15
735626	87.91
735627	87.76
735628	87.3
735629	88.81
735630	87.57
735633	86.23
735634	87.19
735635	86.16
735636	88.51
735637	89.5
735640	89.04
735641	90.37
735642	90.03
735643	90.26
735644	90.45
735648	90.63
735649	90.48
735650	91.03
