734257	31.31
734258	30.22
734261	30.43
734262	29.49
734263	29.29
734264	27.64
734265	27.75
734268	28.86
734269	28.38
734270	27.8
734271	27.62
734272	27.08
734275	27.11
734276	26.73
734277	27.04
734278	25.64
734279	27.11
734282	25.75
734283	26.11
734284	26.53
734285	27.66
734286	27.11
734290	26.13
734292	26.85
734293	25.99
734296	25.29
734297	25.59
734298	25.13
734299	25.59
734300	26
734303	25.33
734304	25.95
734305	25.77
734306	25.32
734307	25.7
734310	25.61
734311	25.18
734312	25.03
734313	24.26
734314	25.01
734317	24.52
734318	23.45
734319	23.21
734320	23.09
734321	22.83
734325	22.97
734326	23.95
734327	24.2
734328	24.7
734331	24.56
734332	25.66
734333	25.54
734334	25.59
734335	24.74
734338	24.78
734339	25.22
734340	26.8
734341	26.79
734342	26.89
734345	27
734346	27
734347	27.01
734348	26.99
734349	26.99
734352	27.68
734353	27.49
734354	27.87
734355	27.84
734356	27.65
734359	27.45
734360	27.33
734361	26.43
734362	26.12
734366	25.7
734367	26.2
734368	26.26
734369	25.99
734370	25.92
734373	25.72
734374	25.13
734375	25.1
734376	24.63
734377	25.03
734380	24.43
734382	25.41
734383	25.68
734384	26.66
734388	25.67
734389	25.97
734390	27.01
734391	27.19
734394	27.77
734395	27.52
734396	27.24
734397	26.78
734398	26.47
734401	26.84
734402	26.06
734403	24.95
734404	24.74
734405	25.15
734408	24.87
734411	24.68
734412	25.02
734417	25.38
734418	25.07
734419	25.32
734423	25.93
734424	25.94
734425	25.44
734426	25.02
734429	25.4
734431	25.38
734432	24.6
734433	24.52
734436	24.38
734437	24.19
734438	24.4
734439	24.86
734443	24.68
734444	24.61
734445	25.4
734446	26.37
734447	27.28
734450	27.21
734451	26.32
734452	26.55
734453	26.31
734454	25.57
734457	26
734458	25.63
734459	25.09
734460	25.57
734461	25.62
734464	25.06
734466	25.15
734468	24.7
734471	24.92
734472	24.46
734473	24.92
734474	25.61
734475	25.64
734479	25.66
734480	26.47
734481	26.71
734482	26.95
734485	26.95
734486	26.63
734487	26.2
734488	26.01
734489	26.24
734492	26.26
734493	26.86
734494	27.4
734499	27.51
734500	27.66
734501	27.28
734506	28.23
734507	28.47
734508	28.83
734509	28.8
734510	28.2
734513	28.05
734514	27.96
734515	28.71
734516	28.3
734517	28.98
734522	27.75
734523	27.75
734524	30.01
734529	29.01
734530	29.85
734531	29.04
734534	29.4
734535	29.92
734536	29.66
734537	29.81
734538	29.85
734541	30.42
734542	30.64
734544	29.73
734545	30.16
734548	29.98
734549	30.32
734550	30.71
734551	30.69
734552	30.99
734556	29.52
734558	29.49
734559	29.87
734562	29.68
734563	28.82
734564	28.97
734565	29.31
734566	28.44
734569	28.32
734570	28.8
734571	28.72
734572	28.07
734573	28.34
734576	27.91
734577	27.65
734578	27.11
734579	27.45
734583	27.79
734584	27.76
734585	27.57
734586	27.61
734587	27.13
734590	27.18
734591	27.23
734592	27.23
734593	27.32
734594	27.26
734597	27.1
734598	27.18
734599	27.76
734600	27.62
734601	27.25
734604	26.91
734605	26.81
734606	26.79
734607	26.79
734608	26.98
734611	26.55
734612	26.1
734613	26.04
734614	26.48
734618	25.78
734619	25.85
734621	25.82
734622	26.15
734625	26.03
734626	25.72
734627	25.4
734628	25.14
734629	25.24
734632	25.08
734633	25.46
734634	24.61
734635	24.51
734636	24.13
734639	23.88
734640	24.2
734641	24.37
734642	24.3
734643	23.83
734646	23.69
734647	23.53
734648	23.56
734649	23.55
734650	24.07
734654	24.16
734655	23.13
734656	23.01
734657	23.12
734660	23.12
734661	22.26
734662	21.93
734663	22.51
734664	22.69
734667	23.36
734668	22.8
734669	22.08
734670	22.14
734671	22.83
734674	22.39
734675	22.76
734676	22.6
734677	22.35
734678	22.21
734681	22.54
734682	22.33
734683	23.39
734684	23.01
734685	23.76
734689	23.15
734690	22.73
734691	23
734695	21.58
734696	21.22
734697	21.3
734699	21.09
734703	20.98
734704	21.72
734705	24.2
734706	23.9
734709	23.3
734710	23.52
734711	22.54
734712	22.36
734713	22.25
734716	22.29
734717	21.31
734718	21.02
734719	19.7
734720	20.02
734723	17.12
734724	17.27
734725	16.45
734726	17.71
734731	17.07
734732	17.01
734733	16.2
734734	16
734737	15.67
734738	15.76
734739	16.33
734740	16.77
734741	16.61
734744	17.32
734745	17.04
734746	17.5
734747	16.93
734748	15.96
734752	15.33
734753	16.33
734754	15.84
734755	15.28
734758	15.05
734759	15.65
734760	15.48
734761	16.59
734762	16.45
734765	15.15
734766	15.12
734767	13.82
734768	13.06
734769	13.72
734772	14.61
734773	14.97
734774	14.39
734775	15.09
734776	13.51
734779	12.47
734780	14.01
734781	14.08
734782	14.48
734783	14.24
734786	15.29
734787	15.39
734788	15.84
734789	15.14
734793	15.25
734794	16.63
734795	16.64
734796	16.61
734797	17.02
734800	17.15
734801	16.52
734802	16.64
734803	19.41
734804	19.31
734807	17.64
734808	16.23
734809	16.76
734810	16.95
734811	16.72
734814	16.92
734815	17.32
734816	15.76
734817	15.86
734818	16.36
734821	15.92
734822	15.93
734823	14.66
734824	14.13
734825	14.21
734828	13.6
734829	13.52
734830	13.03
734832	13.26
734835	13.8
734836	13.31
734837	14.79
734838	14.51
734839	15.52
734842	16.57
734843	16.58
734844	17.34
734845	15.88
734846	16.38
734849	15.38
734850	15.17
734851	15.06
734852	15.01
734853	14.98
734856	14.16
734857	14.8
734858	14.91
734859	15.88
734860	15.76
734864	15.29
734865	14.9
734866	15.24
734867	15.13
734870	15.13
734871	16.08
734872	15.94
734873	16.28
734874	15.9
734877	16.2
734878	16.89
734879	17.1
734880	17.17
734881	16.63
734886	17.35
734887	18.28
734888	18.39
734891	18.21
734892	18.14
734893	18.15
734894	18.13
734895	18.2
734898	18.2
734899	18.65
734900	19.39
734901	19.52
734902	20.31
734905	20.51
734906	20.26
734907	20.44
734908	20.34
734909	19.66
734912	19.54
734913	19.05
734914	18.96
734915	19.19
734916	19.16
734920	19.26
734921	18.73
734922	18.97
734923	18.49
734926	18.75
734927	18.71
734928	18.54
734929	19.19
734930	18.87
734933	18.29
734934	17.32
734935	17.88
734936	18.18
734937	18.37
734940	18.37
734941	18.93
734942	18.6
734944	19.53
734947	20.06
734948	20.41
734949	20.06
734950	19.59
734951	20.33
734954	21.17
734955	20.72
734956	20.24
734957	19.74
734958	19.64
734961	19.81
734962	19.37
734963	18.69
734964	18.39
734968	17.98
734969	17.31
734970	17.51
734971	18.22
734972	17.28
734975	17.5
734976	17.85
734977	17.66
734978	18.07
734979	17.48
734982	16.98
734983	17.4
734984	17.14
734985	17.21
734986	16.95
734989	17.28
734990	17.49
734991	16.95
734992	16.23
734993	16
734996	16.15
734997	15.84
734998	15.49
734999	15.6
735000	14.95
735003	14.3
735004	14.14
735005	13.54
735006	13.46
735007	13.35
735010	13.19
735011	13.31
735012	13.37
735014	13.25
735018	13.64
735019	13.09
735020	13.21
735021	12.73
735024	12.36
735025	12.86
735026	13.94
735027	13.41
735028	13.71
735031	13.37
735032	13.93
735033	13.65
735034	13.93
735035	14.3
735038	13.82
735039	14.26
735040	14.2
735041	13.96
735042	14.14
735045	13.48
735046	13.51
735047	13.91
735048	13.87
735049	14.59
735052	14.94
735053	15.11
735055	14.51
735056	14.14
735059	13.93
735060	13.71
735061	13.81
735062	13.55
735063	14.05
735066	14.25
735067	14.34
735068	13.99
735069	13.25
735070	12.78
735073	12.64
735074	12.49
735075	12.96
735076	13.02
735080	13.51
735081	13.66
735082	13.51
735083	13.03
735084	13.78
735087	14.14
735088	14.5
735089	14.57
735090	14.71
735091	14.61
735094	14.55
735095	14.39
735096	14.58
735097	14.59
735098	14.59
735101	14.83
735102	15.07
735103	14.86
735104	14.5
735105	14.56
735108	14.53
735109	14.6
735110	14.81
735111	14.9
735112	15
735116	15.51
735117	15.68
735118	16.25
735119	17.08
735122	16.61
735123	17.25
735124	17.32
735125	17.9
735126	18.24
735129	17.8
735130	17.63
735131	17.57
735132	17.21
735133	17.08
735136	17.04
735137	16.6
735138	16.43
735139	16.84
735140	16.74
735143	16.79
735144	16.91
735145	17.03
735146	17.46
735147	17.5
735150	17.45
735151	17.39
735152	17.4
735153	17.86
735154	17.31
735157	17.75
735158	17.87
735159	18.49
735160	18.32
735161	17.53
735164	17.45
735165	17.15
735166	17.18
735167	17.1
735168	17.04
735171	17.04
735173	17.38
735174	17.61
735175	17.78
735178	17.75
735179	18.19
735180	16.63
735181	16.52
735182	16.61
735185	16.77
735186	16.52
735187	16.09
735188	16.26
735189	16.18
735192	16.52
735193	16.35
735194	16.25
735196	16.43
735199	16.61
735200	16.63
735201	16.88
735202	16.86
735203	16.87
735206	16.47
735207	16.61
735208	16.98
735209	16.74
735210	16.97
735213	17.01
735214	17.75
735215	17.7
735216	17.8
735217	18.05
735220	18.53
735221	19.12
735222	19.09
735223	19.27
735224	18.92
735227	18.95
735229	18.88
735230	18.77
735231	18.62
735234	19.12
735236	19.62
735237	19.58
735238	20.19
735241	19.8
735242	19.65
735243	19.62
735244	20.34
735245	20.17
735248	20.07
735249	20.43
735250	20.54
735251	20.75
735252	22.38
735256	22.98
735257	22.67
735258	22.6
735259	22.7
735262	22.31
735263	22.59
735264	22.67
735265	22.98
735266	22.85
735269	22.88
735270	23.4
735271	23.39
735272	22.98
735273	23.1
735276	23.32
735277	23.28
735278	23.63
735279	23.63
735280	23.83
735284	24.32
735285	23.42
735286	22.83
735287	23.58
735290	22.03
735291	22.44
735292	22.9
735293	22.55
735294	22.43
735297	22.6
735298	22.74
735299	22.91
735300	23.22
735301	23.03
735304	23.1
735305	22.67
735306	22.78
735307	22.8
735308	23.59
735311	22.99
735312	22.39
735313	22.74
735314	22.06
735315	22.18
735318	21.97
735319	22.22
735320	22.27
735321	22.03
735325	21.66
735326	21.7
735327	21.12
735328	21.33
735329	21.56
735332	21.74
735333	21.74
735334	22.22
735335	22.27
735336	21.82
735339	21.48
735340	21.85
735341	21.02
735342	20.56
735343	20.58
735346	20.71
735347	21.52
735348	21.49
735349	21.43
735350	21.4
735353	22.21
735354	22.13
735355	21.85
735356	22.29
735357	22.76
735360	23.28
735361	23.27
735362	23.67
735363	23.41
735364	23.94
735367	23.68
735368	24.27
735369	24.86
735370	24.58
735371	25.19
735374	25.07
735375	25.12
735376	24.7
735377	24.25
735378	24.35
735382	24.73
735383	24.98
735384	25.82
735385	25.9
735388	25.65
735389	25.47
735390	25.03
735391	25.41
735392	27
735395	27.15
735396	26.09
735397	25.57
735398	26.37
735399	25.83
735402	26.21
735403	26.32
735404	26.11
735405	25.15
735406	24.91
735409	24.4
735410	25.03
735411	24.88
735412	25.04
735413	24.43
735416	24.59
735417	24.44
735418	24.04
735420	24.57
735423	24.88
735424	25.44
735425	25.44
735426	25.55
735427	26.13
735430	26.69
735431	26.38
735432	26.54
735433	27.7
735434	27.7
735437	27.6
735438	27.81
735439	27.73
735440	27.76
735441	27.7
735444	27.31
735445	27.07
735446	27.21
735447	27.92
735448	27.85
735451	27.85
735452	27.31
735453	27.07
735454	26.92
735455	26.76
735458	26.62
735459	26.96
735460	26.79
735461	26.36
735462	26.47
735465	25.81
735466	26.31
735467	26.01
735468	26.22
735469	26.32
735472	26.38
735473	25.45
735474	25.58
735475	25.91
735476	25.76
735480	26.27
735481	26.51
735482	26.65
735483	26.81
735486	27.44
735487	28.04
735488	28.25
735489	28.02
735490	28.13
735493	28.73
735494	29.01
735495	29.02
735496	28.6
735497	28.19
735500	27.22
735501	27.27
735502	27.22
735503	27.15
735504	27.08
735507	26.95
735508	27.14
735509	27.12
735510	26.85
735511	26.99
735514	26.84
735515	26.55
735516	26.77
735517	27.64
735518	27.95
735521	28.18
735522	27.99
735523	28.63
735524	28.93
735525	29.69
735528	29.43
735529	29.46
735530	29.08
735531	29.39
735532	29.23
735535	28.97
735536	29.36
735537	29.11
735538	28.73
735539	29.2
735542	29.34
735543	28.99
735544	29.13
735545	28.72
735546	29.44
735549	30.09
735550	29.76
735551	30.05
735552	30.34
735553	30.3
735556	30.33
735557	30.34
735558	30.27
735559	30.89
735560	31.34
735563	31.54
735564	31.39
735565	31.41
735567	31.3
735570	31.43
735571	30.97
735572	31.13
735573	30.21
735574	30.46
735577	30.39
735578	30.77
735579	30.12
735580	30.48
735581	31.09
735584	30.92
735585	30.52
735586	31.62
735587	30.86
735588	30.93
735591	31.11
735592	31.01
735594	31.1
735595	31.06
735598	30.85
735599	31.36
735601	31.03
735602	31.51
735605	31.62
735606	31.52
735607	31.56
735608	31.55
735609	31.3
735612	30.87
735613	31.1
735614	32.22
735615	32
735616	33.4
735620	32.63
735621	32.29
735622	31.48
735623	30.45
735626	29.97
735627	30.13
735628	29.94
735629	29.98
735630	29.51
735633	28.95
735634	29.02
735635	29.18
735636	29.69
735637	29.69
735640	29.7
735641	30.27
735642	30.16
735643	29.91
735644	29.69
735648	29.56
735649	28.96
735650	29.33
