734279	14.58
734282	14.64
734283	14.7
734284	14.91
734285	15.86
734286	15.54
734290	14.54
734291	14.8
734292	14.85
734293	13.73
734296	14.29
734297	14.52
734298	14.53
734299	15.42
734300	16.04
734303	15.78
734304	16.61
734305	16.47
734306	16.41
734307	16.65
734310	16.56
734311	16.34
734312	15.88
734313	14.94
734314	14.88
734317	14.95
734318	14.04
734319	13.46
734320	13.36
734321	13.13
734325	13.13
734326	14.16
734327	14.49
734328	14.84
734331	14.62
734332	14.73
734333	14.77
734334	15.11
734335	13.5
734338	13.99
734339	14.12
734340	13.46
734341	13.48
734342	14.06
734345	14.52
734346	14.23
734347	13.9
734348	13.25
734349	13.18
734352	13.69
734353	13.21
734354	13.41
734355	13.31
734356	13.15
734359	13.49
734360	13.29
734361	12.88
734362	12.78
734366	12.6
734367	12.73
734368	12.83
734369	12.54
734370	12.32
734373	12.19
734374	11.98
734375	12.49
734376	12.18
734377	12.51
734380	12.17
734381	12.09
734382	12.76
734383	13.48
734384	13.81
734388	13.16
734389	13.11
734390	13.22
734391	13.3
734394	13.62
734395	13.46
734396	13.4
734397	13.3
734398	13.2
734401	13.5
734402	13.17
734403	12.36
734404	12.08
734405	12.34
734408	12.35
734409	12.5
734410	12.37
734411	12.23
734412	12.59
734415	12.29
734416	12.6
734417	12.45
734418	12.59
734419	13.6
734422	13.78
734423	13.77
734424	14.06
734425	14.09
734426	12.85
734429	12.47
734430	12.13
734431	12.3
734432	12.35
734433	12.18
734436	12.15
734437	12.28
734438	11.96
734439	11.88
734440	11.85
734443	11.76
734444	12.05
734445	12.03
734446	12.68
734450	12.84
734451	12.65
734452	12.51
734453	12.89
734454	12.67
734457	12.67
734458	12.44
734459	12.35
734460	12.78
734461	12.73
734464	12.9
734465	12.57
734466	12.92
734468	12.88
734471	13.25
734472	13.11
734473	13.61
734474	14.11
734475	14.65
734478	14.95
734479	15.36
734480	15.78
734481	15.53
734482	15.69
734485	15.55
734486	15.43
734487	15.28
734488	15.58
734489	15.48
734492	15.31
734493	15.18
734494	15.48
734495	15.43
734499	15.34
734500	15.17
734501	15.23
734503	15.09
734506	15.42
734507	15.14
734508	15.31
734510	15.23
734513	14.85
734514	14.77
734515	14.8
734516	14.76
734517	14.88
734521	14.78
734522	14.49
734523	14.55
734524	14.66
734527	14.86
734529	15
734530	15.03
734531	15.19
734534	14.74
734535	15.2
734536	16.24
734537	16.75
734538	16.66
734541	17.12
734542	17
734544	17.18
734545	17.06
734548	17.19
734549	16.94
734550	16.97
734551	17.08
734552	16.98
734556	16.55
734558	16.16
734559	16.34
734562	16.51
734563	16.11
734564	16.38
734565	16.67
734566	16.24
734569	16.05
734570	16.4
734571	16.21
734572	15.5
734573	15.59
734576	15.41
734577	15.12
734578	14.87
734579	15.02
734583	15.51
734584	15.19
734585	15.38
734586	14.93
734587	15.14
734590	15.16
734591	15.56
734592	15.57
734593	15.23
734594	15.4
734597	15.53
734598	15.53
734599	15.2
734600	15.04
734601	14.82
734604	14.96
734605	14.63
734606	14.82
734607	14.47
734608	14.8
734611	15.39
734612	15.17
734613	15.3
734614	15.23
734618	15.15
734619	15.37
734620	15.41
734621	15.28
734622	15.06
734625	15.58
734626	15.21
734627	15.64
734628	15.24
734629	15.15
734632	14.98
734633	14.79
734634	14.71
734635	14.76
734636	14.61
734639	14.4
734640	14.4
734641	14.46
734642	14.65
734643	14.68
734646	14.21
734647	13.97
734648	14.05
734649	13.94
734650	14.08
734654	14.26
734655	13.84
734656	13.88
734657	13.79
734660	13.79
734661	13.57
734662	13.52
734663	13.84
734664	13.39
734667	13.3
734668	13.62
734669	13.4
734670	13.58
734671	13.71
734674	13.76
734675	14.16
734676	13.61
734677	13.64
734678	13.53
734681	13.71
734682	13.81
734683	14.16
734684	14.32
734685	14.54
734689	14.51
734690	14.38
734691	14.6
734692	14.18
734695	13.65
734696	13.62
734697	13.57
734699	13.48
734702	13.01
734703	13.51
734704	13.34
734705	13.76
734706	13.66
734709	13.54
734710	13.61
734711	13.11
734712	12.99
734713	12.76
734716	12.57
734717	12.02
734718	11.99
734719	11.32
734720	10.8
734723	10.06
734724	10.18
734725	9.48
734726	9.98
734731	11.01
734732	10.92
734733	9.99
734734	10.05
734737	9.99
734738	10.35
734739	10.57
734740	10.24
734741	10.69
734744	11.56
734745	11.62
734746	11.55
734747	11.18
734748	10.44
734752	9.97
734753	10.55
734754	9.87
734755	9.84
734758	9.52
734759	9.79
734760	9.98
734761	10.08
734762	10.07
734765	9.95
734766	9.51
734767	8.95
734768	8.55
734769	9.09
734772	9.5
734773	9.78
734774	9.51
734775	9.88
734776	9.53
734779	9.16
734780	9.81
734781	10.07
734782	10.46
734783	10.42
734786	10.72
734787	10.84
734788	10.97
734789	10.78
734793	9.99
734794	10.72
734795	10.34
734796	10.6
734797	11.16
734800	11.75
734801	11.33
734802	11.75
734803	12.34
734804	12.17
734807	11.69
734808	11.08
734809	11.33
734810	11.64
734811	11.32
734814	11.38
734815	11.69
734816	11.03
734817	11.29
734818	11.57
734821	11.32
734822	11.38
734823	11.22
734824	10.97
734825	10.99
734828	10.8
734829	10.56
734830	10.44
734832	10.5
734835	10.52
734836	10.31
734837	10.86
734838	11.26
734839	11.91
734842	13.13
734843	13.01
734844	13.57
734845	12.71
734846	13.34
734849	13.26
734850	12.99
734851	12.9
734852	12.71
734853	12.92
734856	12.67
734857	13.13
734858	13.27
734859	13.39
734860	13.55
734864	13.54
734865	13.36
734866	13.49
734867	13.37
734870	13.37
734871	13.81
734872	13.73
734873	13.73
734874	13.72
734877	13.85
734878	14.33
734879	14.73
734880	14.75
734881	14.66
734886	15.15
734887	15.01
734888	15.39
734891	15.31
734892	15.41
734893	15.25
734894	15.51
734895	15.35
734898	14.17
734899	14.17
734900	14.25
734901	14.4
734902	14.91
734905	15.14
734906	14.72
734907	15.14
734908	15.03
734909	14.61
734912	14.9
734913	14.81
734914	14.66
734915	15.06
734916	14.95
734920	14.98
734921	15.61
734922	15.42
734923	15.21
734926	15.22
734927	15.08
734928	14.84
734929	14.79
734930	14.55
734933	15.05
734934	14.61
734935	14.41
734936	14.38
734937	14.34
734940	14.34
734941	14.93
734942	14.93
734944	15.21
734947	15.34
734948	15.45
734949	15.52
734950	15.37
734951	15.52
734954	15.74
734955	15.53
734956	15.12
734957	15.14
734958	15.33
734961	15.4
734962	15.24
734963	14.98
734964	14.82
734968	14.76
734969	14.3
734970	14.64
734971	15.07
734972	15.04
734975	13.89
734976	14.02
734977	13.81
734978	13.74
734979	13.75
734982	13.54
734983	13.54
734984	13.77
734985	13.7
734986	14.03
734989	13.82
734990	13.91
734991	14.02
734992	13.78
734993	13.35
734996	13.51
734997	13.55
734998	13.62
734999	13.32
735000	13.37
735003	13.39
735004	13.37
735005	13.35
735006	13.08
735007	12.96
735010	12.87
735011	12.87
735012	12.82
735014	12.98
735018	13.16
735019	12.92
735020	12.91
735021	12.33
735024	12.38
735025	12.55
735026	12.85
735027	12.7
735028	12.72
735031	12.6
735032	12.79
735033	12.59
735034	12.85
735035	12.97
735038	12.9
735039	13.1
735040	13.05
735041	13.47
735042	13.5
735045	13.2
735046	14.04
735047	14.41
735048	14.66
735049	14.73
735052	14.85
735053	14.82
735055	14.74
735056	14.73
735059	14.66
735060	14.54
735061	14.29
735062	14.24
735063	14.31
735066	14.69
735067	14.65
735068	14.78
735069	14.86
735070	14.81
735073	14.3
735074	14.01
735075	14.04
735076	14.15
735080	14.16
735081	14.11
735082	14.16
735083	14
735084	14.46
735087	14.59
735088	14.73
735089	14.97
735090	15.08
735091	15.08
735094	15.26
735095	15.35
735096	15.1
735097	15.52
735098	15.68
735101	15.58
735102	15.55
735103	15.32
735104	15.36
735105	15.41
735108	15.07
735109	15.03
735110	15.18
735111	15.14
735112	15.26
735116	15.69
735117	15.56
735118	16.06
735119	16.06
735122	16.3
735123	17
735124	17.01
735125	17.46
735126	17.58
735129	17.72
735130	17.53
735131	18.29
735132	18.74
735133	18.75
735136	18.39
735137	18.15
735138	17.91
735139	18.08
735140	17.75
735143	17.97
735144	18.05
735145	18.1
735146	18.32
735147	18.41
735150	18.16
735151	17.91
735152	17.72
735153	17.74
735154	17.9
735157	17.85
735158	18.63
735159	18.7
735160	18.61
735161	18.24
735164	18.13
735165	17.76
735166	17.76
735167	16.84
735168	16.75
735171	16.75
735173	16.9
735174	17.26
735175	17.15
735178	17.04
735179	17.63
735180	16.88
735181	16.63
735182	17.11
735185	16.79
735186	17.04
735187	16.76
735188	16.84
735189	16.98
735192	17.37
735193	17.54
735194	17.59
735196	17.83
735199	17.66
735200	17.57
735201	17.79
735202	18.17
735203	17.9
735206	18.04
735207	17.64
735208	17.99
735209	17.88
735210	17.9
735213	17.85
735214	17.97
735215	18.08
735216	17.69
735217	17.6
735220	18.05
735221	18.66
735222	18.68
735223	18.97
735224	18.55
735227	18.37
735229	18.16
735230	17.91
735231	17.61
735234	18.01
735236	18.49
735237	18.48
735238	18.82
735241	18.79
735242	18.71
735243	18.77
735244	18.99
735245	18.94
735248	19.13
735249	19.4
735250	19.19
735251	19.68
735252	19.84
735256	20.04
735257	20.3
735258	20.31
735259	20.15
735262	20.1
735263	19.82
735264	19.56
735265	19.57
735266	19.63
735269	18.51
735270	18.68
735271	19.31
735272	19.1
735273	19.24
735276	19.5
735277	19.6
735278	19.87
735279	19.8
735280	20.03
735284	20.55
735285	20.16
735286	19.71
735287	19.86
735290	19.12
735291	19.22
735292	19.85
735293	20.07
735294	20.21
735297	20.46
735298	20.85
735299	20.51
735300	21.09
735301	21.59
735304	21.55
735305	21.55
735306	21.76
735307	21.91
735308	21.76
735311	21.7
735312	21.89
735313	22.07
735314	21.76
735315	21.65
735318	21.66
735319	21.92
735320	21.83
735321	21.76
735325	21.21
735326	21.26
735327	20.68
735328	20.66
735329	20.49
735332	20.92
735333	20.78
735334	21.69
735335	21.92
735336	21.89
735339	21.06
735340	21.28
735341	20.74
735342	20.21
735343	20.41
735346	21.03
735347	20.37
735348	20.38
735349	20.54
735350	20.54
735353	20
735354	20.1
735355	19.94
735356	20.3
735357	20.52
735360	20.4
735361	20.44
735362	20.7
735363	21.12
735364	21.96
735367	21.73
735368	21.85
735369	21.62
735370	20.83
735371	21.56
735374	21.75
735375	21.54
735376	21.15
735377	21.14
735378	21.16
735382	21.56
735383	21.56
735384	21.65
735385	21.5
735388	20.8
735389	20.78
735390	19.85
735391	20.32
735392	20.79
735395	20.43
735396	20.17
735397	19.85
735398	26.6
735399	24.99
735402	24.96
735403	24.96
735404	24.18
735405	23.87
735406	23.91
735409	23.58
735410	23.91
735411	24.59
735412	24.66
735413	24.46
735416	25.21
735417	25.6
735418	25.5
735420	26.06
735423	26.09
735424	25.96
735425	25.96
735426	26.42
735427	26.66
735430	26.53
735431	26.22
735432	26.37
735433	26.36
735434	26.36
735437	26.36
735438	25.95
735439	26.15
735440	25.88
735441	25.67
735444	25.4
735445	25.54
735446	25.76
735447	26.15
735448	26.27
735451	25.81
735452	25.6
735453	25.44
735454	25.85
735455	25.77
735458	25.96
735459	25.89
735460	25.59
735461	24.29
735462	24.46
735465	24.06
735466	24.93
735467	24.7
735468	25.24
735469	25.15
735472	25.05
735473	24.37
735474	24.27
735475	24.37
735476	24.09
735480	24.48
735481	24.87
735482	24.84
735483	24.54
735486	25.04
735487	25.4
735488	25.31
735489	25.23
735490	25.49
735493	25.52
735494	25.74
735495	25.83
735496	25.62
735497	25.52
735500	25.58
735501	25.75
735502	26.67
735503	26.66
735504	26.67
735507	26.79
735508	26.83
735509	26.67
735510	26.2
735511	26.14
735514	25.34
735515	25.11
735516	24.39
735517	25.24
735518	25.75
735521	26.24
735522	26.29
735523	26.89
735524	26.95
735525	27.49
735528	26.9
735529	27.75
735530	27.67
735531	27.82
735532	27.77
735535	27.52
735536	27.73
735537	27.8
735538	27.67
735539	27.9
735542	28.04
735543	27.9
735544	27.79
735545	26.91
735546	27.7
735549	27.56
735550	27.11
735551	27.83
735552	27.36
735553	27.2
735556	26.74
735557	26.27
735558	26.35
735559	26.46
735560	26.74
735563	26.51
735564	26.76
735565	27.03
735567	27.06
735570	26.6
735571	26.19
735572	25.35
735573	25.09
735574	25.55
735577	25.2
735578	25.52
735579	25.98
735580	25.91
735581	26.19
735584	26.66
735585	26.58
735586	27.25
735587	27.48
735588	27.81
735591	28.61
735592	28.78
735594	29.31
735595	29.22
735598	29.72
735599	29.58
735601	29.58
735602	29.59
735605	29.5
735606	29.79
735607	30.04
735608	29.52
735609	29.76
735612	28.84
735613	29.28
735614	28.27
735615	28.54
735616	28.44
735620	28.27
735621	28.53
735622	28.2
735623	27.47
735626	27.36
735627	27.75
735628	27.28
735629	27.6
735630	27.53
735633	26.51
735634	26.36
735635	26.98
735636	27.6
735637	27.71
735640	27.78
735641	27.84
735642	28.18
735643	28.18
735644	28.24
735648	28.47
735649	28.47
735650	28.76
