734290	96.1
734291	97.48
734292	97.54
734293	92.07
734296	92.67
734297	94.77
734298	97.09
734299	102.94
734300	103.23
734303	103.41
734304	104.56
734305	103.64
734306	105.36
734307	104
734310	103.14
734311	99.67
734312	99.2
734313	96.17
734314	100.72
734317	97.86
734318	94.42
734319	93.37
734320	92.89
734321	91.3
734325	89.74
734326	94.72
734327	97.69
734328	98.98
734331	99.41
734332	100.44
734333	99.77
734334	100.49
734335	96.43
734338	99.32
734339	100.94
734340	98.81
734341	102.73
734342	104.25
734345	106.83
734346	106.64
734347	107.06
734348	104.59
734349	105.09
734352	106.89
734353	105.23
734354	102.57
734355	102.43
734356	101.34
734359	103.83
734360	105
734361	102.45
734362	101.47
734363	102.18
734366	102.22
734367	105.22
734368	105.5
734369	104.01
734370	104.45
734373	103.86
734374	103.16
734375	105.11
734376	103.62
734377	103.85
734380	102.87
734381	105.22
734382	108.5
734383	108.35
734384	110.39
734388	108.44
734389	108.37
734390	106.39
734391	107.09
734394	108.98
734395	109.46
734396	111.58
734397	110.51
734398	109.66
734401	112.24
734402	109.26
734403	107.46
734404	103.58
734405	106.9
734408	104.97
734409	105.85
734410	104
734411	103.93
734412	105.13
734415	106
734416	106.57
734417	104.53
734418	104.51
734419	105.76
734422	106.97
734423	109.64
734424	110.8
734425	109.87
734426	110.05
734429	112.4
734430	109.44
734431	112.67
734432	110.48
734433	110.08
734436	109.73
734437	109.36
734438	108.4
734439	105.8
734440	106.31
734443	106.89
734444	108.31
734445	110.16
734446	113.09
734447	113.33
734450	110.65
734451	106.05
734452	109.19
734453	108.66
734454	108.83
734457	108.05
734458	104.55
734459	106.48
734460	107.36
734461	109.06
734464	109.45
734465	108.5
734466	110.45
734468	109.9
734471	110.12
734472	110.33
734473	111.7
734474	113.41
734475	114.44
734478	114.4
734479	114.8
734480	111.74
734481	110.48
734482	113.12
734485	112.17
734486	110.4
734487	108.76
734488	107.77
734489	108.95
734492	110.35
734493	111.2
734494	111.05
734495	110.66
734499	112.6
734500	112.98
734501	112.9
734502	113.02
734503	112.55
734506	113.81
734507	111.68
734508	111.99
734509	110.71
734510	109.51
734513	109.21
734514	109.16
734515	111.17
734516	111.45
734517	112.5
734521	113.27
734522	112.47
734523	112.23
734524	112.83
734527	113.06
734528	114.65
734529	115.54
734530	116.17
734531	113.78
734534	115.93
734535	115.53
734536	114.65
734537	115.46
734538	113.8
734541	114.75
734542	114.75
734543	115.05
734544	115.41
734545	116
734548	116.09
734549	116.08
734550	115.83
734551	115.69
734552	116.07
734556	115.13
734558	114.69
734559	118.11
734562	121.03
734563	117.1
734564	115.48
734565	117.44
734566	115.03
734569	113.86
734570	114.97
734571	116.42
734572	115.24
734573	117.65
734576	115.91
734577	116.08
734578	115.37
734579	116.98
734583	118.09
734584	117.21
734585	115.84
734586	116.94
734587	117.4
734590	117.65
734591	118.09
734592	118.2
734593	120.08
734594	120.86
734597	119.75
734598	119.96
734599	120.1
734600	119.3
734601	118.01
734604	118.42
734605	118.4
734606	119
734607	119.45
734608	121.1
734611	119.35
734612	119.88
734613	122.22
734614	122.99
734618	124.75
734619	125.84
734620	126.63
734621	128.47
734622	126.61
734625	127.18
734626	127.07
734627	126.98
734628	127.8
734629	126.09
734632	126.7
734633	128.94
734634	128.27
734635	127.55
734636	126.93
734639	127.05
734640	127.68
734641	128
734642	129.06
734643	127.1
734646	125
734647	126.86
734648	127.43
734649	129.47
734650	130
734654	133.07
734655	129.72
734656	128.76
734657	131.24
734660	131.24
734661	132.28
734662	132.62
734663	132.63
734664	130
734667	131
734668	132.66
734669	130.3
734670	128.73
734671	129.08
734674	131.74
734675	131.77
734676	131.49
734677	127.61
734678	127.5
734681	127.56
734682	127.35
734683	127.85
734684	128.4
734685	132.56
734689	134.39
734690	135.54
734691	137.54
734692	137.33
734695	134.51
734696	134.88
734697	132.13
734698	130.91
734699	132.71
734702	132.3
734703	135.39
734704	137.71
734705	139.03
734706	139.51
734709	138.01
734710	137.62
734711	134.36
734712	132.98
734713	134.19
734716	132.84
734717	129.39
734718	128.3
734719	123.65
734720	121.46
734723	116.35
734724	120.39
734725	125.67
734726	129.02
734731	132.89
734732	133.5
734733	128.18
734734	125.5
734737	126.57
734738	128.88
734739	131.07
734740	128.65
734741	130.59
734744	133.69
734745	134.8
734746	136.38
734747	134.56
734748	134.36
734752	133.32
734753	136.44
734754	136.64
734755	132.32
734758	133.72
734759	133.06
734760	130.4
734761	130.14
734762	130.18
734765	126.29
734766	126.12
734767	118.75
734768	115.28
734769	117.35
734772	118.53
734773	120.25
734774	118.05
734775	118.4
734776	114.05
734779	110.78
734780	116.99
734781	112.1
734782	115.55
734783	115.97
734786	121.1
734787	118.5
734788	120.11
734789	119.13
734793	117.22
734794	120.73
734795	120.83
734796	120.49
734797	124.45
734800	127.1
734801	127.03
734802	128.04
734803	134.15
734804	133.09
734807	133.69
734808	125.43
734809	128.97
734810	129.04
734811	130.32
734814	130.3
734815	131.25
734816	124.92
734817	125.13
734818	129.32
734821	126.69
734822	127.93
734823	125.65
734824	122.29
734825	123.24
734828	120.66
734829	119.45
734830	116.95
734832	118.1
734835	119.42
734836	118.81
734837	124.85
734838	123.89
734839	124.01
734842	123.06
734843	122.58
734844	124.75
734845	121.96
734846	125.64
734849	123.07
734850	122.72
734851	125.25
734852	128.49
734853	128.96
734856	127.07
734857	129.46
734858	128.93
734859	131.83
734860	131.95
734864	132.56
734865	130
734866	131.14
734867	130.6
734870	130.6
734871	130.04
734872	127.48
734873	129.83
734874	128.2
734877	126.95
734878	128.11
734879	127.53
734880	124.26
734881	126.49
734886	127.98
734887	127.09
734888	127.82
734891	129.73
734892	131.13
734893	133.19
734894	133.81
734895	134.89
734898	134.88
734899	136.01
734900	136.92
734901	138.24
734902	139.82
734905	138.18
734906	136.99
734907	135.81
734908	134.37
734909	134.45
734912	135.33
734913	132.75
734914	132.45
734915	132.95
734916	134.03
734920	130.88
734921	129.87
734922	130.06
734923	133
734926	132.63
734927	130.96
734928	129.67
734929	131.09
734930	132.22
734933	134.9
734934	133.55
734935	134.56
734936	134
734937	137.8
734940	137.8
734941	140.39
734942	138.82
734944	138.48
734947	139.39
734948	138.49
734949	137.27
734950	135.54
734951	137.09
734954	138.89
734955	139.2
734956	138
734957	138.66
734958	141.35
734961	141.43
734962	141.57
734963	139.98
734964	139.72
734968	138.94
734969	136.39
734970	137.34
734971	139.66
734972	140.15
734975	142.1
734976	142.32
734977	142.13
734978	142.48
734979	144.83
734982	143.06
734983	144.54
734984	145.64
734985	145.72
734986	146.06
734989	145.4
734990	147.56
734991	147.07
734992	145.42
734993	145.43
734996	147.81
734997	147.34
734998	146.53
734999	146.93
735000	146.9
735003	143.7
735004	143.85
735005	141.91
735006	138.04
735010	140.11
735011	141.16
735012	141.1
735014	139.84
735018	142.03
735019	138.47
735020	139.17
735021	137.01
735024	135.38
735025	138.59
735026	141.18
735027	140.15
735028	141.66
735031	138.47
735032	139.19
735033	138.79
735034	140.51
735035	140.7
735038	141.52
735039	141.85
735040	141.04
735041	138.26
735042	137.36
735045	137.07
735046	137.39
735047	136.72
735048	138.01
735049	141.48
735052	143.36
735053	144.05
735055	143.53
735056	144.59
735059	144.65
735060	142.74
735061	143.22
735062	146.3
735063	149.05
735066	149.7
735067	151
735068	150.5
735069	149.3
735070	148.07
735073	146.97
735074	145.45
735075	145.32
735076	144
735080	146.18
735081	147.09
735082	144.45
735083	144.86
735084	144.72
735087	143.43
735088	141.69
735089	139.7
735090	139.39
735091	140.34
735094	139.18
735095	138.56
735096	139.84
735097	140.78
735098	141.76
735101	141.52
735102	141.93
735103	143.3
735104	143.74
735105	144.18
735108	143.77
735109	143.56
735110	142.92
735111	141.78
735112	141.52
735116	142.54
735117	142.58
735118	143.48
735119	144.36
735122	141.25
735123	140.95
735124	140.85
735125	141.59
735126	141.33
735129	141.3
735130	140.53
735131	141.46
735132	138.53
735133	138.81
735136	137.77
735137	135.45
735138	135.36
735139	136.61
735140	135.99
735143	135.42
735144	136.63
735145	136.7
735146	136.13
735147	136.21
735150	134.74
735151	133.62
735152	134.72
735153	133.41
735154	132.29
735157	133.11
735158	133.29
735159	133.48
735160	135.1
735161	136.91
735164	135.04
735165	134.38
735166	134.08
735167	133.92
735168	133.07
735171	133.07
735173	135.56
735174	136.9
735175	137.72
735178	137.03
735179	136.82
735180	135.31
735181	132.85
735182	131.93
735185	131.16
735186	130.32
735187	127.61
735188	127.69
735189	128.87
735192	129.97
735193	129.14
735194	127.39
735196	128.54
735199	128.95
735200	132.35
735201	132.05
735202	133.04
735203	131.79
735206	133
735207	134.23
735208	132.72
735209	135.98
735210	133.68
735213	132.97
735214	133.07
735215	133.96
735216	132.48
735217	132.6
735220	133.19
735221	133.45
735222	133.4
735223	135.57
735224	136.65
735227	136.52
735229	135.06
735230	135.78
735231	133.98
735234	135.59
735236	136.03
735237	136.78
735238	136.37
735241	136.51
735242	136.09
735243	136.64
735244	137.09
735245	136.16
735248	136.81
735249	138.37
735250	137.93
735251	138.58
735252	138.56
735256	139.15
735257	138.96
735258	138.34
735259	138.42
735262	137.64
735263	137.92
735264	136.79
735265	135.64
735266	129.79
735269	125.93
735270	126.37
735271	128.49
735272	126.53
735273	126.99
735276	128.84
735277	129.78
735278	130.83
735279	130.23
735280	130.05
735284	130.42
735285	129.69
735286	127.7
735287	128.83
735290	126.33
735291	126.53
735292	125.94
735293	124.83
735294	126.21
735297	126.65
735298	126.74
735299	126.23
735300	124.75
735301	124.08
735304	124.02
735305	125.73
735306	126.78
735307	129.21
735308	128.37
735311	126.75
735312	126.19
735313	126.53
735314	125.45
735315	126.83
735318	126.52
735319	127.09
735320	126.66
735321	126.67
735325	128.09
735326	128.14
735327	128.04
735328	132.22
735329	133.44
735332	133.03
735333	133.5
735334	133.48
735335	134.7
735336	135.57
735339	132.47
735340	133.9
735341	131.81
735342	132.11
735343	133.07
735346	132.06
735347	132.02
735348	132.56
735349	131.13
735350	130.22
735353	131.05
735354	131.43
735355	132.24
735356	130.7
735357	129.79
735360	130.76
735361	132.36
735362	132.77
735363	132.57
735364	133.29
735367	134.79
735368	136.64
735369	137.18
735370	138.02
735371	138.69
735374	140.64
735375	141.46
735376	138.56
735377	138.99
735378	138.58
735382	136.58
735383	136.66
735384	133.36
735385	132.66
735388	135.24
735389	136.05
735390	134.26
735391	134.5
735392	134.48
735395	133.45
735396	131.08
735397	129.3
735398	134.56
735399	134.59
735402	134.26
735403	134.9
735404	130.77
735405	127.97
735406	131.69
735409	133.54
735410	135.44
735411	135.2
735412	136.47
735413	134.91
735416	135.35
735417	136.95
735418	135.73
735420	135.01
735423	134.42
735424	137.31
735425	137.31
735426	140.38
735427	140.45
735430	139.67
735431	140.33
735432	140.59
735433	141.04
735434	141.04
735437	140.36
735438	140.33
735439	138.09
735440	137.94
735441	138.98
735444	137.64
735445	137.25
735446	135.34
735447	134.91
735448	133.95
735451	133.18
735452	133.12
735453	132.22
735454	132.03
735455	133.12
735458	131.77
735459	129.71
735460	128.55
735461	125.39
735462	122.79
735465	122.36
735466	123.85
735467	123.76
735468	125.2
735469	126.23
735472	126.8
735473	125.78
735474	124.45
735475	124.3
735476	123.9
735480	122.72
735481	124.34
735482	123.65
735483	125.59
735486	128.19
735487	128.33
735488	129.94
735489	129.4
735490	129.19
735493	130.02
735494	129.21
735495	134.84
735496	135.31
735497	133.04
735500	131.78
735501	129.57
735502	130.92
735503	129.7
735504	129.3
735507	127.09
735508	127.69
735509	128.88
735510	126.26
735511	124.91
735514	124.99
735515	123.87
735516	124.63
735517	128.41
735518	128.96
735521	128.61
735522	128.5
735523	131.18
735524	133.25
735525	132.64
735528	132.71
735529	134.25
735530	134.2
735531	128.5
735532	131.47
735535	129.02
735536	127.07
735537	126.67
735538	125.05
735539	125.71
735542	126.01
735543	124
735544	124.42
735545	122.82
735546	121.84
735549	122.39
735550	121.28
735551	121.87
735552	121.99
735553	120.22
735556	118.93
735557	118.07
735558	117.45
735559	118.36
735560	117.56
735563	116.86
735564	117.34
735565	119.72
735567	118.56
735570	117.72
735571	118.56
735572	120.74
735573	120.63
735574	121.7
735577	122.11
735578	122.21
735579	120.55
735580	119.67
735581	119.24
735584	119.04
735585	117.93
735586	119.63
735587	118.01
735588	118.76
735591	117.99
735592	118.27
735594	118.73
735595	118.91
735598	118.55
735599	118.23
735601	118.24
735602	119.76
735605	121.54
735606	121.02
735607	121.32
735608	120.89
735609	121.8
735612	120.83
735613	121.73
735614	122.64
735615	122.85
735616	121.88
735620	122.14
735621	121.91
735622	120.65
735623	119.52
735626	118.38
735627	117.53
735628	117.62
735629	122.16
735630	123.5
735633	123.29
735634	124.96
735635	126.02
735636	126.99
735637	127.81
735640	129.33
735641	129.65
735642	128.86
735643	128.34
735644	128.99
735648	129.5
735649	128.35
735650	128.89
