734270	25.82
734271	25.74
734272	25.4
734275	25.77
734276	25.59
734277	25.57
734278	24.96
734279	24.85
734282	24.43
734283	24.32
734284	24.13
734285	24.63
734286	24.3
734290	24.33
734291	24.78
734292	24.8
734293	24.17
734296	24.32
734297	24.97
734298	24.9
734299	25.44
734300	25.29
734303	25.17
734304	25.54
734305	25.52
734306	25.57
734307	25.43
734310	25.44
734311	25.36
734312	25.44
734313	25.05
734314	24.79
734317	24.95
734318	24.46
734319	24.19
734320	24.34
734321	24.29
734325	24.41
734326	24.33
734327	24.57
734328	24.83
734331	24.84
734333	24.96
734334	25
734335	24.69
734338	24.88
734339	24.79
734340	24.92
734341	25.51
734342	25.54
734345	25.96
734346	26.15
734347	26.2
734348	26.02
734349	25.94
734352	26.59
734353	26.69
734354	26.64
734355	26.74
734356	26.54
734359	26.86
734360	27.01
734361	26.55
734362	26.66
734363	26.72
734366	26.65
734367	26.97
734368	27.28
734369	26.97
734370	26.45
734373	26.49
734374	26.72
734375	26.89
734376	26.7
734377	26.94
734380	26.63
734381	27.03
734382	27.35
734383	27.4
734384	27.44
734388	27.27
734389	27.39
734390	27.81
734391	27.83
734394	27.93
734395	27.93
734396	28.01
734397	28.11
734398	28.17
734401	28.54
734402	28.61
734403	28.59
734404	28.51
734405	28.58
734408	28.87
734409	28.92
734410	28.71
734411	28.6
734412	28.81
734416	29.36
734417	28.62
734418	28.25
734419	28.22
734422	28.32
734423	28.39
734424	28.47
734425	28.5
734426	28.33
734429	28.62
734431	28.61
734432	28.34
734433	28.29
734436	28.36
734437	28.31
734438	28.35
734439	28.5
734443	28.72
734444	28.94
734445	29.06
734446	29.44
734447	29.27
734450	29.18
734451	29.18
734452	29.05
734453	28.83
734454	28.46
734457	28.63
734458	28.24
734459	27.96
734460	28.44
734461	28.32
734464	28.29
734465	28.03
734466	28.14
734468	27.93
734471	27.7
734472	27.79
734474	28.55
734475	28.49
734478	28.3
734479	28.54
734480	28.63
734481	28.82
734482	28.89
734485	28.89
734486	29.34
734487	29.13
734488	29.23
734489	29.21
734492	29.13
734493	29.07
734494	29.13
734495	29.2
734499	29.25
734500	29.23
734501	29.31
734506	29.67
734507	29.88
734508	29.98
734509	29.15
734510	28.85
734513	28.34
734514	27.91
734515	28.04
734516	28.08
734517	28.43
734522	28.33
734524	28.33
734528	28.76
734529	28.73
734530	28.13
734534	27.52
734535	27.87
734536	27.67
734537	27.99
734538	27.97
734541	27.96
734542	27.91
734543	27.97
734544	28.24
734545	28.47
734548	28.46
734549	28.24
734550	28.3
734551	28.5
734552	28.57
734556	28.2
734558	27.92
734559	28.13
734562	28.38
734563	28.08
734564	28.17
734565	28.13
734566	27.91
734569	27.9
734570	28.45
734571	28.79
734572	28.61
734573	28.46
734576	28.19
734577	27.81
734578	27.33
734579	27.74
734583	28.26
734584	28.1
734585	28.14
734586	28.54
734587	28.85
734590	29.36
734591	30.05
734592	30.71
734593	30.61
734594	30.62
734597	30.77
734598	30.7
734599	30.47
734600	30.54
734601	30.71
734604	30.66
734605	30.47
734606	30.18
734607	30.29
734608	30.65
734611	30.31
734612	30.31
734613	30.13
734614	30.68
734618	30.55
734619	30.94
734621	31.37
734622	31.12
734625	31.21
734626	31.86
734627	31.79
734628	31.22
734629	31.26
734632	31.35
734633	31.69
734634	31.38
734635	31.64
734636	31.41
734639	31.06
734640	31.12
734641	31.2
734642	31.4
734643	31.32
734646	31.08
734647	31.16
734648	31
734649	31.11
734650	31.29
734654	31.56
734655	31.17
734656	30.97
734657	30.65
734660	30.65
734661	30.31
734662	30.34
734663	30.33
734664	30.34
734667	30.55
734668	30.79
734669	30.35
734670	30.43
734671	30.77
734674	30.96
734675	31.11
734676	30.88
734677	30.72
734678	30.44
734681	30.76
734682	31.02
734683	31.26
734684	31.41
734685	31.68
734689	31.63
734690	31.23
734691	31.23
734695	30.8
734696	30.77
734697	30.82
734698	30.58
734699	30.31
734703	30.33
734704	30.23
734705	30.28
734706	30.32
734709	29.91
734710	29.94
734711	29.96
734712	29.26
734713	29.26
734716	29.52
734717	29.18
734718	29.5
734719	28.78
734720	28.93
734723	27.7
734724	28.14
734725	27.88
734726	28.38
734731	28.79
734732	29.17
734733	28.46
734734	27.99
734737	28.45
734738	28.98
734739	29.43
734740	29.06
734741	29.04
734744	29.26
734745	29.62
734746	28.48
734747	28.27
734748	28.05
734752	27.83
734753	28.13
734754	27.96
734755	27.54
734758	27.88
734759	28.16
734760	28.26
734761	28.54
734762	28.94
734765	28.58
734766	28.85
734767	28.3
734768	27.75
734769	27.85
734772	28.34
734773	28.67
734774	28.7
734775	28.84
734776	28.52
734779	28.16
734780	28.31
734781	28.26
734782	28.31
734783	28.44
734786	29.17
734787	28.77
734788	28.99
734789	29.1
734793	29.02
734794	29.21
734795	29.09
734796	28.99
734797	29.13
734800	28.88
734801	28.41
734802	28.75
734803	29.14
734804	29.74
734807	29.31
734808	28.7
734809	29.08
734810	29.44
734811	29.16
734814	29.44
734815	29.46
734816	28.91
734817	29.16
734818	29.42
734821	29.19
734822	29.25
734823	28.78
734824	28.61
734825	28.64
734828	28.36
734829	28.08
734830	27.55
734832	27.41
734835	27.95
734836	28.06
734837	28.98
734838	28.84
734839	28.96
734842	29.15
734843	29.17
734844	29.4
734845	28.86
734846	29.03
734849	29.01
734850	29.04
734851	28.81
734852	28.79
734853	28.85
734856	28.74
734857	29.12
734858	29.3
734859	29.66
734860	29.87
734864	30.04
734865	29.95
734866	30.17
734867	30.24
734870	30.24
734871	30.38
734872	30.43
734873	30.4
734874	29.68
734877	29.66
734878	29.76
734879	29.99
734880	30.12
734881	30.07
734886	30.33
734887	30.42
734888	30.51
734891	30.4
734892	30.09
734893	29.95
734894	30.21
734895	29.45
734898	29.34
734899	29.41
734900	29.6
734901	29.79
734902	29.95
734905	29.97
734906	30.04
734907	30.02
734908	29.99
734909	29.84
734912	30.04
734913	30.07
734914	29.87
734915	30.02
734916	30.01
734920	30.34
734921	30.28
734922	30.46
734923	30.34
734926	30.36
734927	30.53
734928	30.59
734929	30.63
734930	30.87
734933	30.99
734934	30.72
734935	30.88
734936	31
734937	31.18
734940	31.18
734941	31.63
734942	31.45
734944	31.59
734947	31.65
734948	31.79
734949	31.84
734950	31.71
734951	31.52
734954	31.79
734955	31.64
734956	31.36
734957	31.21
734958	31.23
734961	31.45
734962	31.43
734963	31.57
734964	30.94
734968	30.64
734969	30.13
734970	30.45
734971	30.84
734972	30.54
734975	30.61
734976	30.89
734977	30.75
734978	30.74
734979	30.86
734982	30.61
734983	31.72
734984	31.74
734985	32.44
734986	32.67
734989	32.91
734990	33.06
734991	33.04
734992	33.11
734993	32.86
734996	33
734997	33.04
734998	32.81
734999	33.13
735000	33.59
735003	33.53
735004	33.35
735005	33.19
735006	33.29
735007	33.66
735010	33.63
735011	33.54
735012	33.36
735014	33.69
735018	33.94
735019	33.84
735020	34.17
735021	33.9
735024	34.15
735025	34.06
735026	34.56
735027	34.16
735028	34.55
735031	34.59
735032	34.98
735033	34.98
735034	35.69
735035	35.71
735038	35.63
735039	35.47
735040	35.41
735041	35.03
735042	35.17
735045	34.95
735046	34.98
735047	35.19
735048	35.39
735049	35.66
735052	36.2
735053	36
735055	35.77
735056	35.44
735059	35.54
735060	35.44
735061	35.26
735062	34.87
735063	35.35
735066	35.42
735067	35.82
735068	36.19
735069	35.48
735070	35.29
735073	35.38
735074	34.42
735075	35.33
735076	36.3
735080	37.43
735081	37.92
735082	37.64
735083	37.54
735084	37.58
735087	37.61
735088	37.44
735089	37.43
735090	37.23
735091	37.49
735094	37.39
735095	37.25
735096	37.1
735097	37.24
735098	37.17
735101	36.89
735102	36.71
735103	36.56
735104	36.56
735105	36.95
735108	36.87
735109	36.64
735110	36.82
735111	36.69
735112	36.64
735116	36.81
735117	36.93
735118	37.44
735119	37.3
735122	37.42
735123	37.62
735124	37.78
735125	38.15
735126	37.26
735129	37.6
735130	37.66
735131	37.76
735132	37.94
735133	38.08
735136	38.25
735137	38.06
735138	38.08
735139	37.99
735140	37.7
735143	37.75
735144	37.81
735145	38.17
735146	38.33
735147	37.86
735150	37.66
735151	37.15
735152	36.92
735153	36.26
735154	35.63
735157	35.21
735158	35.4
735159	35.72
735160	36.4
735161	35.32
735164	35.26
735165	35.13
735166	34.71
735167	34.5
735168	34.63
735171	34.63
735173	34.59
735174	35.09
735175	34.93
735178	34.83
735179	34.8
735180	33.63
735181	33.2
735182	33.54
735185	33.87
735186	33.95
735187	33.78
735188	33.42
735189	33.14
735192	33.82
735193	33.68
735194	33.85
735196	34.36
735199	33.97
735200	33.62
735201	33.62
735202	33.93
735203	34.13
735206	34.14
735207	33.92
735208	33.91
735209	33.65
735210	33.73
735213	33.73
735214	34.15
735215	34.49
735216	34.32
735217	34.01
735220	34.23
735221	34.34
735222	33.91
735223	34.17
735224	33.67
735227	33.74
735229	33.78
735230	33.66
735231	33.32
735234	33.71
735236	35
735237	35.02
735238	35.23
735241	35.39
735242	34.35
735243	34.24
735244	34.37
735245	34.27
735248	34.02
735249	33.76
735250	33.26
735251	33.2
735252	33.44
735256	33.61
735257	33.78
735258	33.75
735259	34.02
735262	34.13
735263	34.68
735264	34.74
735265	34.48
735266	34.79
735269	35.23
735270	35.35
735271	35.43
735272	35.22
735273	35.27
735276	35.27
735277	35.23
735278	35.6
735279	35.42
735280	35.29
735284	35.67
735285	35.47
735286	35.43
735287	35.68
735290	35.19
735291	35.49
735292	35.85
735293	35.91
735294	36.01
735297	36.23
735298	36.6
735299	36.29
735300	36.39
735301	36.68
735304	36.6
735305	36.72
735306	36.6
735307	36.86
735308	36.43
735311	36.15
735312	36.14
735313	36.19
735314	36.15
735315	36.43
735318	36.39
735319	36.74
735320	36.56
735321	36.7
735325	37.25
735326	37.57
735327	37.36
735328	37.91
735329	38.02
735332	37.62
735333	37.76
735334	38.18
735335	38.54
735336	38.59
735339	37.95
735340	37.94
735341	37.8
735342	37.87
735343	38.28
735346	38.73
735347	38.89
735348	36.93
735349	37.28
735350	37.04
735353	37.3
735354	37.5
735355	37.56
735356	37.56
735357	37.34
735360	37.09
735361	37.45
735362	37.83
735363	37.33
735364	37.36
735367	37
735368	37.23
735369	37.53
735370	37.38
735371	37.44
735374	37.22
735375	36.94
735376	36.62
735377	36.74
735378	36.75
735382	36.18
735383	35.91
735384	35.5
735385	34.99
735388	35.07
735389	35.67
735390	35.26
735391	35.81
735392	35.45
735395	35.99
735396	35.76
735397	35.62
735398	36.3
735399	35.91
735402	35.76
735403	36.17
735404	35.25
735405	34.35
735406	34.47
735409	34.46
735410	35.03
735411	35.33
735412	35.63
735413	35.4
735416	35.3
735417	35.53
735418	35.62
735420	35.83
735423	35.58
735424	35.6
735425	35.6
735426	35.87
735427	35.81
735430	35.55
735431	35.88
735432	35.96
735433	35.74
735434	35.74
735437	35.81
735438	35.81
735439	35.4
735440	35.46
735441	35.6
735444	35.88
735445	35.42
735446	35.27
735447	35.72
735448	35.77
735451	35.67
735452	35.48
735453	35.59
735454	35.29
735455	34.8
735458	34.92
735459	34.72
735460	34.77
735461	34.35
735462	34.18
735465	33.79
735466	33.87
735467	33.48
735468	33.82
735469	34.29
735472	33.82
735473	33.69
735474	33.58
735475	33.65
735476	33.83
735480	33.32
735481	33.74
735482	33.34
735483	33.41
735486	33.63
735487	33.97
735488	33.97
735489	34.37
735490	34.32
735493	34.57
735494	34.75
735495	34.95
735496	34.81
735497	34.31
735500	34.22
735501	34.09
735502	34.05
735503	34.23
735504	33.98
735507	33.82
735508	34.06
735509	33.94
735510	33.64
735511	33.75
735514	34
735515	33.11
735516	33.75
735517	34.15
735518	34.2
735521	33.92
735522	33.71
735523	34.2
735524	34.44
735525	34.61
735528	35.22
735529	35.23
735530	35.27
735531	34.63
735532	35.19
735535	35.57
735536	36.27
735537	36.26
735538	36.2
735539	36.24
735542	36.45
735543	35.53
735544	35.82
735545	35.11
735546	35.17
735549	35.03
735550	35.17
735551	35.07
735552	35.16
735553	35.43
735556	35.6
735557	35.72
735558	35.4
735559	35.3
735560	35.42
735563	35.37
735564	35.28
735565	35.41
735567	35.21
735570	34.8
735571	34.74
735572	34.6
735573	34.25
735574	34.53
735577	34.69
735578	34.4
735579	33.95
735580	33.89
735581	33.85
735584	34.15
735585	33.85
735586	34.38
735587	34.45
735588	34.3
735591	34.69
735592	34.95
735594	35.16
735595	35.18
735598	35.2
735599	35.16
735601	34.95
735602	34.8
735605	34.96
735606	34.95
735607	34.24
735608	33.54
735609	33.62
735612	33.3
735613	33.48
735614	33.79
735615	33.96
735616	33.7
735620	33.57
735621	33.34
735622	33.8
735623	33.42
735626	33.51
735627	33.7
735628	33.31
735629	33.35
735630	33.32
735633	31.95
735634	32.45
735635	32.08
735636	32
735637	32.3
735640	32.44
735641	32.95
735642	32.94
735643	33.49
735644	33.15
735648	32.82
735649	32.85
735650	33.18
