734290	13.28
734291	13.58
734292	13.72
734293	13.2
734296	13.29
734297	13.33
734298	12.9
734299	13.16
734300	13.27
734303	13.34
734304	13.6
734305	13.78
734306	13.95
734307	14.01
734310	13.99
734311	13.64
734312	13.52
734313	13.54
734314	13.52
734317	13.72
734318	13.31
734319	13.16
734320	13.06
734321	13.03
734325	13.24
734326	13.71
734327	13.97
734328	14.05
734331	14.07
734332	14.19
734333	14.18
734334	14.3
734335	13.93
734338	14.05
734339	14.17
734340	13.91
734341	14.19
734342	14.25
734345	14.4
734346	14.6
734347	14.54
734348	14.33
734349	14.23
734352	14.53
734353	14.46
734354	14.73
734355	14.81
734356	14.84
734359	14.96
734360	15.06
734361	14.74
734362	14.48
734363	14.5
734366	14.5
734367	14.78
734368	14.72
734369	14.49
734370	14.55
734373	14.55
734374	14.67
734375	14.77
734376	14.62
734377	14.96
734380	14.67
734381	14.79
734382	15.12
734383	15.06
734384	15.26
734388	15.27
734389	15.06
734390	15.21
734391	15.2
734394	15.26
734395	15.25
734396	15.12
734397	14.99
734398	15.03
734401	15.38
734402	15.36
734403	15.41
734404	15.24
734405	15.65
734408	15.72
734409	15.84
734410	15.76
734411	15.72
734412	15.9
734415	15.78
734416	16.03
734417	15.89
734418	16
734419	16.09
734422	16.16
734423	16.08
734424	15.99
734425	15.96
734426	16.13
734429	16.15
734430	16.15
734431	16.39
734432	16.39
734433	16.42
734436	16.4
734437	16.42
734438	16.42
734439	16.39
734440	16.56
734443	16.55
734444	16.77
734445	16.72
734446	16.92
734447	16.68
734450	16.55
734451	16.6
734452	16.58
734453	16.59
734454	16.11
734457	16.22
734458	15.88
734459	15.69
734460	15.85
734461	15.82
734464	15.87
734465	15.76
734466	15.91
734468	15.79
734471	15.6
734472	15.63
734473	15.76
734474	15.84
734475	15.9
734478	15.66
734479	15.64
734480	15.63
734481	15.75
734482	15.84
734485	15.93
734486	16.1
734487	15.86
734488	15.9
734489	15.87
734492	15.91
734493	15.88
734494	15.88
734495	15.9
734499	15.9
734500	15.85
734501	15.83
734502	15.76
734503	15.72
734506	15.8
734507	15.83
734508	15.77
734509	15.61
734510	15.68
734513	15.74
734514	15.63
734515	15.77
734516	15.77
734517	15.7
734521	15.74
734522	15.82
734523	15.94
734524	15.9
734527	16.09
734528	16.15
734529	16.11
734530	16.15
734531	16.03
734534	16.15
734535	16.25
734536	16.07
734537	16.16
734538	16.14
734541	16.34
734542	16.24
734543	16.1
734544	16.13
734545	16.19
734548	15.88
734549	15.96
734550	15.92
734551	15.91
734552	15.9
734556	15.78
734558	15.47
734559	15.68
734562	15.86
734563	15.64
734564	15.76
734565	15.92
734566	15.88
734569	15.82
734570	16.1
734571	16.24
734572	16.02
734573	16.1
734576	15.75
734577	15.58
734578	15.32
734579	15.2
734583	17.1
734584	16.89
734585	16.96
734586	17.17
734587	17.13
734590	17.17
734591	17.29
734592	17.68
734593	17.56
734594	17.75
734597	17.91
734598	17.68
734599	17.71
734600	17.49
734601	17.5
734604	17.32
734605	17.23
734606	17.32
734607	17.64
734608	17.88
734611	17.82
734612	17.81
734613	18.11
734614	18.28
734618	18.26
734619	18.27
734620	18.34
734621	18.46
734622	18.6
734625	18.59
734626	18.65
734627	18.49
734628	18.6
734629	18.72
734632	18.91
734633	19.26
734634	19.11
734635	18.9
734636	18.73
734639	18.69
734640	18.63
734641	18.98
734642	19
734643	18.96
734646	18.73
734647	18.75
734648	18.97
734649	19.02
734650	19.08
734654	19.33
734655	19.24
734656	19.35
734657	19.09
734660	19.09
734661	19.09
734662	18.9
734663	18.82
734664	18.86
734667	18.72
734668	18.84
734669	18.49
734670	18.66
734671	18.74
734674	18.83
734675	19
734676	19.02
734677	18.76
734678	18.95
734681	19.12
734682	19.24
734683	19.34
734684	19.35
734685	19.79
734689	19.75
734690	19.81
734691	19.8
734692	19.75
734695	19.29
734696	19.45
734697	19.4
734698	19.31
734699	19.39
734702	19.4
734703	19.71
734704	20.12
734705	20.28
734706	20.26
734709	20.1
734710	20.05
734711	20.05
734712	19.79
734713	19.58
734716	19.56
734717	19.29
734718	19.32
734719	18.45
734720	18.54
734723	17.24
734724	17.95
734725	18.23
734726	18.85
734731	19.35
734732	19.44
734733	18.85
734734	18.73
734737	18.66
734738	19.21
734739	19.57
734740	19.24
734741	19.55
734744	19.83
734745	19.88
734746	20.01
734747	19.79
734748	19.45
734752	19.23
734753	19.61
734754	20.01
734755	19.52
734758	19.54
734759	19.69
734760	19.91
734761	19.88
734762	19.93
734765	19.97
734766	20.13
734767	19.36
734768	18.71
734769	18.97
734772	19.24
734773	19.23
734774	19.34
734775	19.96
734776	19.62
734779	19.18
734780	19.57
734781	19.51
734782	19.71
734783	19.93
734786	20.5
734787	20.05
734788	19.88
734789	20.07
734793	20.51
734794	20.73
734795	20.67
734796	20.94
734797	21.23
734800	21.25
734801	20.91
734802	21.02
734803	21.25
734804	21.29
734807	20.84
734808	20.23
734809	20.08
734810	20.3
734811	20.31
734814	20.35
734815	20.17
734816	19.58
734817	19.55
734818	19.8
734821	19.25
734822	19.6
734823	19.27
734824	19.36
734825	19.36
734828	19.01
734829	18.9
734830	18.68
734832	18.59
734835	18.97
734836	19.22
734837	19.9
734838	19.8
734839	19.63
734842	19.79
734843	19.68
734844	19.8
734845	19.42
734846	19.83
734849	19.44
734850	19.2
734851	18.76
734852	19.1
734853	19.22
734856	19.1
734857	19.52
734858	19.76
734859	19.92
734860	20.22
734864	20.31
734865	20.17
734866	20.23
734867	20.09
734870	20.09
734871	19.89
734872	19.79
734873	19.8
734874	19.54
734877	19.7
734878	19.55
734879	19.32
734880	19.16
734881	19.09
734886	18.94
734887	18.43
734888	18.81
734891	18.74
734892	18.58
734893	18.59
734894	18.72
734895	18.48
734898	18.34
734899	18.47
734900	18.68
734901	18.58
734902	18.88
734905	18.77
734906	18.87
734907	18.89
734908	18.84
734909	18.91
734912	18.86
734913	18.63
734914	18.84
734915	18.85
734916	18.98
734920	18.95
734921	18.79
734922	18.83
734923	18.8
734926	18.62
734927	18.52
734928	19.49
734929	19.36
734930	19.53
734933	19.31
734934	19.16
734935	19.29
734936	19.42
734937	19.26
734940	19.26
734941	19.47
734942	19.14
734944	19.07
734947	18.94
734948	19.15
734949	19.13
734950	19.3
734951	19.31
734954	19.49
734955	19.54
734956	19.17
734957	19.35
734958	19.72
734961	19.87
734962	19.82
734963	19.63
734964	19.55
734968	19.42
734969	19.06
734970	19.07
734971	19.26
734972	19.17
734975	19.32
734976	19.48
734977	19.32
734978	19.33
734979	19.53
734982	19.28
734983	19.53
734984	19.72
734985	19.85
734986	20.05
734989	20.21
734990	20.42
734991	20.05
734992	19.72
734993	20.05
734996	19.89
734997	19.89
734998	19.77
734999	20.25
735000	20.24
735003	20.08
735004	19.83
735005	20.02
735006	19.83
735010	19.86
735011	19.98
735012	19.87
735014	20.18
735018	20.24
735019	20.02
735020	20.24
735021	19.97
735024	19.78
735025	19.93
735026	20.15
735027	20.32
735028	20.4
735031	20.16
735032	20.3
735033	20.3
735034	20.41
735035	20.62
735038	20.71
735039	20.59
735040	20.58
735041	20.18
735042	20.34
735045	20.28
735046	20.29
735047	20.52
735048	20.62
735049	20.67
735052	20.76
735053	20.65
735055	20.46
735056	20.57
735059	20.56
735060	20.47
735061	20.52
735062	20.63
735063	20.99
735066	20.7
735067	20.8
735068	20.95
735069	20.92
735070	21.15
735073	20.97
735074	20.5
735075	20.57
735076	20.9
735080	21.19
735081	21.06
735082	20.9
735083	20.83
735084	21.16
735087	21.06
735088	21.04
735089	21.11
735090	21.01
735091	21.08
735094	20.78
735095	20.55
735096	20.51
735097	20.42
735098	20.24
735101	20.43
735102	20.55
735103	20.38
735104	20.24
735105	20.32
735108	20.46
735109	20.6
735110	20.58
735111	20.52
735112	20.39
735116	20.63
735117	20.64
735118	20.99
735119	20.95
735122	20.93
735123	20.9
735124	20.73
735125	21.1
735126	21.02
735129	20.8
735130	20.81
735131	20.72
735132	20.87
735133	21.12
735136	21.29
735137	21.42
735138	21.45
735139	21.3
735140	21.3
735143	21.15
735144	21.2
735145	21.52
735146	21.5
735147	21.41
735150	21.41
735151	21.37
735152	21.29
735153	21.18
735154	21.13
735157	21.4
735158	21.44
735159	21.75
735160	21.58
735161	21.41
735164	21.24
735165	20.97
735166	21.12
735167	21.38
735168	21.47
735171	21.47
735173	21.67
735174	21.74
735175	21.54
735178	21.37
735179	21.48
735180	20.63
735181	20.39
735182	20.15
735185	20.15
735186	19.96
735187	19.49
735188	19.13
735189	19.58
735192	19.38
735193	19.36
735194	19.3
735196	19.26
735199	19.56
735200	19.62
735201	19.74
735202	19.76
735203	19.73
735206	19.76
735207	19.63
735208	19.92
735209	19.86
735210	19.84
735213	19.92
735214	19.88
735215	19.85
735216	19.83
735217	19.67
735220	19.84
735221	19.9
735222	19.72
735223	19.67
735224	19.46
735227	19.39
735229	19.13
735230	19.05
735231	19
735234	19.25
735236	19.62
735237	19.68
735238	19.82
735241	19.6
735242	19.47
735243	19.67
735244	19.79
735245	20.04
735248	19.88
735249	20.06
735250	19.92
735251	19.91
735252	20.02
735256	20.19
735257	20.16
735258	20.24
735259	20.33
735262	20.25
735263	20.53
735264	20.48
735265	20.51
735266	20.44
735269	20.53
735270	20.67
735271	20.78
735272	20.69
735273	20.87
735276	20.91
735277	20.92
735278	21.05
735279	20.78
735280	20.43
735284	20.51
735285	20.7
735286	20.67
735287	20.9
735290	20.52
735291	20.7
735292	21.23
735293	21.43
735294	21.53
735297	21.65
735298	21.86
735299	21.71
735300	21.63
735301	21.82
735304	21.85
735305	21.77
735306	21.87
735307	21.84
735308	23.41
735311	23.11
735312	22.97
735313	23.12
735314	23.44
735315	23.43
735318	23.41
735319	23.75
735320	23.57
735321	23.86
735325	23.8
735326	23.96
735327	23.77
735328	23.94
735329	23.87
735332	24.07
735333	23.94
735334	24.1
735335	24.23
735336	24.02
735339	23.51
735340	23.85
735341	23.5
735342	23.86
735343	24.14
735346	24.02
735347	24.06
735348	24.25
735349	24.32
735350	24.26
735353	24.52
735354	24.54
735355	24.34
735356	24.14
735357	24.34
735360	24.18
735361	24.38
735362	24.22
735363	24.09
735364	24.21
735367	24.08
735368	24.13
735369	24.41
735370	24.1
735371	24.3
735374	24.27
735375	24.37
735376	23.74
735377	23.86
735378	23.56
735382	23.43
735383	23.04
735384	23.2
735385	23.18
735388	23.2
735389	23.11
735390	22.85
735391	23.15
735392	23.39
735395	23.33
735396	23.12
735397	23.07
735398	23.62
735399	23.71
735402	23.54
735403	23.67
735404	23.09
735405	22.49
735406	22.76
735409	22.62
735410	23.07
735411	23.3
735412	23.49
735413	23.49
735416	23.27
735417	23.45
735418	23.36
735420	23.34
735423	23.68
735424	23.86
735425	23.86
735426	24.31
735427	24.4
735430	24.64
735431	24.51
735432	24.46
735433	24.74
735434	24.74
735437	24.64
735438	24.78
735439	24.45
735440	24.71
735441	24.82
735444	24.67
735445	24.83
735446	24.82
735447	25.16
735448	25.11
735451	24.58
735452	24.62
735453	24.53
735454	24.4
735455	24.25
735458	24.11
735459	24.03
735460	23.55
735461	23.29
735462	23.18
735465	22.93
735466	23.31
735467	23
735468	23.01
735469	23.17
735472	22.99
735473	23.04
735474	23.2
735475	23.05
735476	22.93
735480	22.76
735481	22.93
735482	22.76
735483	22.81
735486	23.02
735487	23.11
735488	22.86
735489	22.87
735490	22.89
735493	22.87
735494	23.49
735495	24.31
735496	24.21
735497	23.92
735500	24.25
735501	24.03
735502	24
735503	24.09
735504	23.93
735507	23.97
735508	24.19
735509	24.41
735510	23.87
735511	24.13
735514	23.87
735515	23.85
735516	23.93
735517	24.34
735518	24.46
735521	24.41
735522	24.04
735523	24.35
735524	24.68
735525	24.6
735528	24.6
735529	24.71
735530	24.68
735531	24.62
735532	24.87
735535	24.84
735536	24.8
735537	24.48
735538	24.6
735539	24.41
735542	24.45
735543	24.26
735544	25.05
735545	24.73
735546	24.82
735549	25
735550	24.9
735551	24.98
735552	24.94
735553	25.07
735556	24.91
735557	24.68
735558	24.39
735559	24.54
735560	24.98
735563	24.87
735564	23.58
735565	23.45
735567	23.43
735570	23.13
735571	23.05
735572	23.09
735573	23.19
735574	23.36
735577	23.29
735578	23.24
735579	22.85
735580	22.85
735581	22.68
735584	22.79
735585	22.89
735586	22.99
735587	22.76
735588	23.25
735591	23.06
735592	23.15
735594	23.07
735595	23.12
735598	23.11
735599	23.18
735601	22.82
735602	22.81
735605	22.84
735606	23.08
735607	22.84
735608	23.1
735609	23.38
735612	23.04
735613	23.23
735614	23.46
735615	23.56
735616	23.42
735620	23.71
735621	23.79
735622	23.57
735623	23.15
735626	23.18
735627	23.34
735628	23.15
735629	23.55
735630	23.4
735633	23.05
735634	23.06
735635	23.04
735636	23.18
735637	23.33
735640	23.4
735641	23.56
735642	23.3
735643	23.5
735644	24.05
735648	24.09
735649	24.14
735650	24.28
