734268	13.89
734269	14.33
734270	14.35
734271	14.87
734272	14.7
734275	14.9
734276	14.77
734277	14.89
734278	14.46
734279	14.55
734282	14.36
734283	14.21
734284	14.02
734285	14.22
734286	14.17
734290	14.11
734291	14.46
734292	14.62
734293	14.24
734296	14.24
734297	14.43
734298	14.5
734299	14.79
734300	14.63
734303	14.78
734304	14.84
734305	14.76
734306	14.95
734307	14.78
734310	14.68
734311	14.84
734312	14.8
734313	14.77
734314	14.58
734317	14.53
734318	14.29
734319	14.1
734320	14.02
734321	13.99
734325	14.08
734326	14.31
734327	14.39
734328	14.38
734331	14.27
734333	14.29
734334	14.39
734335	14.25
734338	14.18
734339	14.5
734340	14.68
734341	14.75
734342	14.85
734345	14.98
734346	15.11
734347	14.95
734348	14.78
734349	14.79
734352	15.24
734353	15.03
734354	15.32
734355	15.01
734356	14.84
734359	14.82
734360	14.75
734361	14.47
734362	14.37
734363	14.55
734366	14.77
734367	14.93
734368	14.93
734369	14.93
734370	14.8
734373	14.74
734374	14.69
734375	14.62
734376	14.64
734377	14.75
734380	14.34
734382	14.6
734383	14.45
734384	14.52
734388	14.23
734389	14.26
734390	14.41
734391	14.34
734394	14.1
734395	13.88
734396	14.13
734397	14.08
734398	14.08
734401	14.18
734402	14.15
734403	14.02
734404	13.79
734405	13.76
734408	13.68
734409	13.6
734410	13.63
734411	13.43
734412	13.43
734417	14.25
734418	14.03
734419	14.24
734422	14.42
734423	14.54
734424	14.8
734425	14.81
734426	14.87
734429	14.66
734431	14.49
734432	14.53
734433	14.5
734436	14.5
734437	14.81
734438	14.51
734439	14.54
734443	14.26
734444	14.73
734445	14.62
734446	14.8
734447	14.71
734450	14.8
734451	15.21
734452	15.41
734453	15.45
734454	15.28
734457	15.02
734458	14.9
734459	15.32
734460	15.39
734461	15.3
734464	15.19
734465	15.06
734466	15.29
734468	15.26
734471	15.08
734472	15
734474	15.16
734475	15.24
734478	15.47
734479	15.71
734480	15.59
734481	15.84
734482	16
734485	16
734486	16.26
734487	16.15
734488	16.39
734489	17.26
734492	17.69
734493	17.53
734494	17.5
734495	17.52
734499	17.51
734500	17.55
734501	17.49
734506	17.48
734507	17.41
734508	17.46
734509	17.46
734510	17.43
734513	18.21
734514	18.01
734515	18.18
734516	18.33
734517	18.35
734522	18.27
734524	18.7
734528	19.64
734529	18.52
734530	17.64
734534	16.97
734535	17.19
734536	16.99
734537	16.96
734538	17.02
734541	16.92
734542	17.15
734543	16.91
734544	17
734545	17
734548	16.74
734549	16.89
734550	16.97
734551	16.96
734552	17.01
734556	17
734558	16.97
734559	17.14
734562	17.12
734563	16.89
734564	16.99
734565	17.1
734566	16.83
734569	16.64
734570	16.93
734571	16.99
734572	16.76
734573	17.05
734576	17.01
734577	16.88
734578	16.78
734579	16.67
734583	17.26
734584	17.49
734585	17.62
734586	17.8
734587	17.84
734590	17.88
734591	17.92
734592	17.7
734593	17.67
734594	17.9
734597	18.03
734598	18.03
734599	18.19
734600	18.33
734601	18.35
734604	18.45
734605	18.38
734606	18.36
734607	18.37
734608	18.53
734611	18.36
734612	18.62
734613	18.85
734614	18.78
734618	18.62
734619	18.96
734621	19.16
734622	19.2
734625	19.3
734626	19.27
734627	19.14
734628	19.28
734629	19.28
734632	18.99
734633	18.93
734634	18.89
734635	18.93
734636	19.26
734639	19.31
734640	19.43
734641	19.56
734642	19.66
734643	19.6
734646	19.62
734647	19.49
734648	19.36
734649	19.42
734650	19.44
734654	19.55
734655	19.27
734656	18.97
734657	18.74
734660	18.74
734661	18.75
734662	18.69
734663	18.88
734664	18.55
734667	18.69
734668	19.12
734669	18.76
734670	19.01
734671	19.03
734674	19.19
734675	19.11
734676	18.89
734677	18.83
734678	18.6
734681	18.82
734682	18.85
734683	18.92
734684	18.99
734685	19.32
734689	19.26
734690	19.43
734691	19.68
734695	19.48
734696	19.36
734697	19.43
734698	19.5
734699	19.5
734703	19.59
734704	19.4
734705	19.7
734706	19.59
734709	19.48
734710	19.58
734711	19.42
734712	19.23
734713	19.11
734716	19.14
734717	19.11
734718	19.04
734719	18.29
734720	18.49
734723	17.13
734724	17.48
734725	17.31
734726	16.96
734731	17.98
734732	18.26
734733	17.6
734734	17.25
734737	17.2
734738	17.71
734739	17.67
734740	17.35
734741	17.56
734744	18.18
734745	18.15
734746	18.04
734747	17.87
734748	17.55
734752	17.53
734753	17.75
734754	17.74
734755	17.27
734758	17.17
734759	17.17
734760	17.43
734761	17.51
734762	17.5
734765	17.22
734766	17.46
734767	17.11
734768	16.86
734769	17.1
734772	17.56
734773	17.46
734774	17.09
734775	16.84
734776	16.35
734779	15.98
734780	16.19
734781	16.24
734782	16.2
734783	16.45
734786	16.71
734787	17.29
734788	17.6
734789	17.51
734793	17.44
734794	17.7
734795	17.3
734796	17.26
734797	17.77
734800	17.65
734801	17.36
734802	17.61
734803	17.87
734804	18.17
734807	17.8
734808	17.39
734809	17.61
734810	18.7
734811	18.52
734814	18.6
734815	18.76
734816	18.36
734817	18.48
734818	18.75
734821	18.66
734822	18.55
734823	18.23
734824	18.2
734825	18.14
734828	17.75
734829	17.88
734830	17.71
734832	17.74
734835	18.22
734836	18.37
734837	18.96
734838	19.04
734839	18.92
734842	18.78
734843	18.94
734844	18.94
734845	18.63
734846	18.84
734849	18.55
734850	18.32
734851	18.33
734852	18.4
734853	18.42
734856	18.37
734857	18.72
734858	18.74
734859	18.84
734860	18.87
734864	18.91
734865	18.92
734866	19
734867	18.92
734870	18.92
734871	18.79
734872	18.88
734873	18.87
734874	18.9
734877	18.92
734878	18.91
734879	19
734880	18.97
734881	19.05
734886	19.25
734887	19.4
734888	19.24
734891	19.19
734892	19.03
734893	19.16
734894	19.16
734895	19.17
734898	19
734899	19.15
734900	19.02
734901	19.85
734902	20
734905	19.94
734906	19.81
734907	19.99
734908	19.97
734909	19.8
734912	20.04
734913	20.25
734914	20.24
734915	20.26
734916	20.29
734920	20.13
734921	20.18
734922	20.3
734923	20.27
734926	20.21
734927	20.16
734928	20.25
734929	20.39
734930	21.83
734933	21.24
734934	20.77
734935	21.32
734936	21.74
734937	21.38
734940	21.38
734941	21.54
734942	21.4
734944	21.39
734947	21.51
734948	21.6
734949	21.81
734950	21.61
734951	21.45
734954	21.58
734955	21.62
734956	21.45
734957	21.43
734958	21.53
734961	21.81
734962	21.78
734963	21.6
734964	21.51
734968	21.17
734969	20.99
734970	21.22
734971	21.31
734972	21.5
734975	21.54
734976	21.66
734977	21.68
734978	21.68
734979	21.69
734982	21.42
734983	21.71
734984	21.87
734985	22
734986	22.03
734989	22.04
734990	22.03
734991	22.32
734992	22.12
734993	21.96
734996	22.01
734997	21.91
734998	21.63
734999	21.85
735000	21.42
735003	21.22
735004	21.1
735005	21.16
735006	20.8
735007	20.65
735010	20.84
735011	20.84
735012	20.64
735014	21.19
735018	21.48
735019	21.05
735020	21
735021	20.44
735024	20.44
735025	20.53
735026	20.55
735027	20.29
735028	20.13
735031	19.47
735032	19.03
735033	18.98
735034	19.06
735035	18.9
735038	18.63
735039	18.61
735040	19.23
735041	19.21
735042	19.18
735045	18.86
735046	18.78
735047	18.63
735048	18.5
735049	18.5
735052	18.5
735053	18.5
735055	18.5
735056	18.5
735059	18.5
735060	18.5
735061	18.5
735062	18.5
735063	18.5
735066	18.5
735067	18.5
735068	18.5
735069	18.5
735070	18.5
735073	18.5
735074	18.5
735075	18.5
735076	18.5
735080	18.5
735081	18.5
735082	18.5
735083	18.5
735084	18.5
735087	18.5
735088	18.5
735089	18.5
735090	18.5
735091	18.5
735094	18.5
735095	18.5
735096	18.5
735097	18.5
735098	18.5
735101	18.5
735102	18.5
735103	18.5
735104	18.5
735105	18.5
735108	18.5
735109	18.5
735110	18.5
735111	18.5
735112	18.5
735116	18.5
735117	18.5
735118	18.5
735119	18.5
735122	18.5
735123	18.5
735124	18.5
735125	18.5
735126	18.5
735129	18.5
735130	18.5
735131	18.5
735132	18.5
735133	18.5
735136	18.5
735137	18.5
735138	18.5
735139	18.5
735140	18.5
735143	18.5
735144	18.5
735145	18.5
735146	18.5
735147	18.5
735150	18.5
735151	18.5
735152	18.5
735153	18.5
735154	18.5
735157	18.5
735158	18.5
735159	18.5
735160	18.5
735161	18.5
735164	18.5
735165	18.5
735166	18.5
735167	18.5
735168	18.5
735171	18.5
735173	18.5
735174	18.5
735175	18.5
735178	18.5
735179	18.5
735180	18.5
735181	18.5
735182	18.5
735185	18.5
735186	18.5
735187	18.5
735188	18.5
735189	18.5
735192	18.5
735193	18.5
735194	18.5
735196	18.5
735199	18.5
735200	18.5
735201	18.5
735202	18.5
735203	18.5
735206	18.5
735207	18.5
735208	18.5
735209	18.5
735210	18.5
735213	18.5
735214	18.5
735215	18.5
735216	18.5
735217	18.5
735220	18.5
735221	18.5
735222	18.5
735223	18.5
735224	18.5
735227	18.5
735229	18.5
735230	18.5
735231	18.5
735234	18.5
735236	18.5
735237	18.5
735238	18.5
735241	18.5
735242	18.5
735243	18.5
735244	18.5
735245	18.5
735248	18.5
735249	18.5
735250	18.5
735251	18.5
735252	18.5
735256	18.5
735257	18.5
735258	18.5
735259	18.5
735262	18.5
735263	18.5
735264	18.5
735265	18.5
735266	18.5
735269	18.5
735270	18.5
735271	18.5
735272	18.5
735273	18.5
735276	18.5
735277	18.5
735278	18.5
735279	18.5
735280	18.5
735284	18.5
735285	18.5
735286	18.5
735287	18.5
735290	18.5
735291	18.5
735292	18.5
735293	18.5
735294	18.5
735297	18.5
735298	18.5
735299	18.5
735300	18.5
735301	18.5
735304	18.5
735305	18.5
735306	18.5
735307	18.5
735308	18.5
735311	18.5
735312	18.5
735313	18.5
735314	18.5
735315	18.5
735318	18.5
735319	18.5
735320	18.5
735321	18.5
735325	18.5
735326	18.5
735327	18.5
735328	18.5
735329	18.5
735332	18.5
735333	18.5
735334	18.5
735335	18.5
735336	18.5
735339	18.5
735340	18.5
735341	18.5
735342	18.5
735343	18.5
735346	18.5
735347	18.5
735348	18.5
735349	18.5
735350	18.5
735353	18.5
735354	18.5
735355	18.5
735356	18.5
735357	18.5
735360	18.5
735361	18.5
735362	18.5
735363	18.5
735364	18.5
735367	18.5
735368	18.5
735369	18.5
735370	18.5
735371	18.5
735374	18.5
735375	18.5
735376	18.5
735377	18.5
735378	18.5
735382	18.5
735383	18.5
735384	18.5
735385	18.5
735388	18.5
735389	18.5
735390	18.5
735391	18.5
735392	18.5
735395	18.5
735396	18.5
735397	18.5
735398	18.5
735399	18.5
735402	18.5
735403	18.5
735404	18.5
735405	18.5
735406	18.5
735409	18.5
735410	18.5
735411	18.5
735412	18.5
735413	18.5
735416	18.5
735417	18.5
735418	18.5
735420	18.5
735423	18.5
735424	18.5
735425	18.5
735426	18.5
735427	18.5
735430	18.5
735431	18.5
735432	18.5
735433	18.5
735434	18.5
735437	18.5
735438	18.5
735439	18.5
735440	18.5
735441	18.5
735444	18.5
735445	18.5
735446	18.5
735447	18.5
735448	18.5
735451	18.5
735452	18.5
735453	18.5
735454	18.5
735455	18.5
735458	18.5
735459	18.5
735460	18.5
735461	18.5
735462	18.5
735465	18.5
735466	18.5
735467	18.5
735468	18.5
735469	18.5
735472	18.5
735473	18.5
735474	18.5
735475	18.5
735476	18.5
735480	18.5
735481	18.5
735482	18.5
735483	18.5
735486	18.5
735487	18.5
735488	18.5
735489	18.5
735490	18.5
735493	18.5
735494	18.5
735495	18.5
735496	18.5
735497	18.5
735500	18.5
735501	18.5
735502	18.5
735503	18.5
735504	18.5
735507	18.5
735508	18.5
735509	18.5
735510	18.5
735511	18.5
735514	18.5
735515	18.5
735516	18.5
735517	18.5
735518	18.5
735521	18.5
735522	18.5
735523	18.5
735524	18.5
735525	18.5
735528	18.5
735529	18.5
735530	18.5
735531	18.5
735532	18.5
735535	18.5
735536	18.5
735537	18.5
735538	18.5
735539	18.5
735542	18.5
735543	18.5
735544	18.5
735545	18.5
735546	18.5
735549	18.5
735550	18.5
735551	18.5
735552	18.5
735553	18.5
735556	18.5
735557	18.5
735558	18.5
735559	18.5
735560	18.5
735563	18.5
735564	18.5
735565	18.5
735567	18.5
735570	18.5
735571	18.5
735572	18.5
735573	18.5
735574	18.5
735577	18.5
735578	18.5
735579	18.5
735580	18.5
735581	18.5
735584	18.5
735585	18.5
735586	18.5
735587	18.5
735588	18.5
735591	18.5
735592	18.5
735594	18.5
735595	18.5
735598	18.5
735599	18.5
735601	18.5
735602	18.5
735605	18.5
735606	18.5
735607	18.5
735608	18.5
735609	18.5
735612	18.5
735613	18.5
735614	18.5
735615	18.5
735616	18.5
735620	18.5
735621	18.5
735622	18.5
735623	18.5
735626	18.5
735627	18.5
735628	18.5
735629	18.5
735630	18.5
735633	18.5
735634	18.5
735635	18.5
735636	18.5
735637	18.5
735640	18.5
735641	18.5
735642	18.5
735643	18.5
735644	18.5
735648	18.5
735649	18.5
735650	18.5
