734290	58.3
734291	60.65
734292	60.3
734293	57.18
734296	56.81
734297	58.08
734298	58.13
734299	59.62
734300	60.71
734303	60.39
734304	61.96
734305	62.06
734306	61.45
734307	62.67
734310	62.36
734311	60.91
734312	59.99
734313	58.08
734314	57.98
734317	57.06
734318	54.97
734319	53.36
734320	53.05
734321	52.06
734325	51.63
734326	54.17
734327	56.24
734328	56.32
734331	55.46
734332	57
734333	56.34
734334	56.03
734335	54.21
734338	53.5
734339	53.99
734340	55.68
734341	57.54
734342	58.97
734345	59.86
734346	59.6
734347	59.62
734348	59.76
734349	62.64
734352	63.8
734353	63.56
734354	63.95
734355	63.68
734356	63.68
734359	64.07
734360	63.18
734361	60.92
734362	60.65
734363	60.13
734366	60.58
734367	62.36
734368	62.24
734369	60.63
734370	60.94
734373	60.35
734374	58.96
734375	59.07
734376	59.67
734377	61.12
734380	60.17
734381	61.55
734382	64.25
734383	64.15
734384	65.92
734388	64.61
734389	65.06
734390	65.52
734391	65.15
734394	67.5
734395	67.07
734396	66.93
734397	69.4
734398	70.07
734401	71.35
734402	71.16
734403	71.34
734404	71.06
734405	72.74
734408	72.46
734409	73.47
734410	73.53
734411	74
734412	74.57
734415	74.08
734416	76.17
734417	76.02
734418	76.78
734419	77.91
734422	78.36
734423	77.87
734424	78.67
734425	78.07
734426	78.5
734429	78.87
734430	77.17
734431	79.07
734432	79.37
734433	78.6
734436	82.59
734437	81.5
734438	80.3
734439	79.05
734440	78.57
734443	79.17
734444	79.68
734445	79.56
734446	80.7
734447	79.72
734450	79.75
734451	78.79
734452	78.4
734453	79.3
734454	77.39
734457	77.44
734458	76.4
734459	77.07
734460	78.96
734461	79.1
734464	79.39
734465	77.76
734466	79.48
734468	79.51
734471	79.27
734472	77.81
734473	81.21
734474	80.97
734475	82.06
734478	82.15
734479	82.47
734480	82.11
734481	81.41
734482	81.17
734485	81.06
734486	81.45
734487	80.3
734488	80.4
734489	80.25
734492	80.78
734493	81.9
734494	82.1
734495	82.4
734499	82.79
734500	83.25
734501	83.99
734502	83.95
734503	84.08
734506	85.35
734507	86.85
734508	87.49
734509	87.25
734510	87.23
734513	88.27
734514	88.56
734515	92.9
734516	92.28
734517	92.76
734521	94.15
734522	92.13
734523	90.58
734524	90.57
734527	91.85
734528	90.33
734529	93.89
734530	92.87
734531	91.85
734534	92.86
734535	91.47
734536	91.6
734537	91.22
734538	91.71
734541	92.29
734542	93.15
734544	92.35
734545	93.32
734548	93.68
734549	91.66
734550	93.81
734551	96.27
734552	95.41
734556	90.51
734558	89.98
734559	91.35
734562	93.41
734563	91.13
734564	94.52
734565	97.3
734566	96.36
734569	95.23
734570	97.43
734571	95.49
734572	93.24
734573	94.14
734576	93.85
734577	92.49
734578	92.17
734579	94.34
734583	95.91
734584	95.56
734585	96.81
734586	97.41
734587	98.12
734590	97.25
734591	98.77
734592	98.88
734593	99.32
734594	100.39
734597	100.65
734598	100.87
734599	99.95
734600	100.27
734601	99.99
734604	97.72
734605	96.37
734606	96.25
734607	97.02
734608	98.66
734611	97.86
734612	99.13
734613	100
734614	100.76
734618	101.02
734619	101.49
734620	102.29
734621	102.93
734622	107.25
734625	105.49
734626	103.21
734627	101.99
734628	101.45
734629	103.46
734632	105.91
734633	108.15
734634	106
734635	104.91
734636	104.55
734639	103.29
734640	101.81
734641	104.72
734642	105.17
734643	103.36
734646	100.01
734647	100.19
734648	102.81
734649	103.22
734650	104.46
734654	105.85
734655	102.21
734656	103.01
734657	100.68
734660	100.68
734661	101.53
734662	100.61
734663	101.14
734664	99.72
734667	98.74
734668	100.77
734669	96.7
734670	95.25
734671	95.02
734674	96.47
734675	100.1
734676	99.74
734677	98.97
734678	98.58
734681	98.86
734682	99.43
734683	101.09
734684	102.07
734685	103.99
734689	103.42
734690	103.86
734691	105.67
734692	104.66
734695	102.47
734696	101.9
734697	101.44
734698	100.4
734699	100.83
734702	99.6
734703	102.02
734704	102.65
734705	104.47
734706	104.44
734709	104.3
734710	104.15
734711	101.32
734712	100.16
734713	96.59
734716	96.79
734717	92.98
734718	92.19
734719	85.79
734720	86
734723	78.07
734724	81.57
734725	80.77
734726	84.04
734731	84.17
734732	83.42
734733	77.41
734734	76
734737	74.86
734738	77.52
734739	78.05
734740	77.24
734741	79.05
734744	82.25
734745	82.99
734746	82.73
734747	80.97
734748	78.22
734752	74.82
734753	76.8
734754	75.52
734755	72.5
734758	72.03
734759	73.3
734760	74.36
734761	76.22
734762	76.24
734765	75.18
734766	73.19
734767	71.02
734768	66.61
734769	66.95
734772	70.75
734773	71.73
734774	69.47
734775	70.74
734776	68.53
734779	68.46
734780	35.8
734781	35.47
734782	35.57
734783	35.48
734786	36.87
734787	37.04
734788	37.36
734789	37.15
734793	37.24
734794	37.87
734795	36.14
734796	36.19
734797	37.46
734800	38.82
734801	36.96
734802	37.62
734803	40.16
734804	41.92
734807	39.29
734808	38.3
734809	38.95
734810	40.25
734811	39.82
734814	39.72
734815	41.48
734816	39.03
734817	39.88
734818	40.59
734821	40.45
734822	40.87
734823	39.87
734824	38
734825	37.8
734828	36.95
734829	36.99
734830	35.67
734832	35.47
734835	36.56
734836	37.03
734837	39.62
734838	38.91
734839	38.42
734842	38.92
734843	39.03
734844	39.16
734845	38.08
734846	38.5
734849	37.09
734850	36.47
734851	36.15
734852	36.21
734853	36.74
734856	35.8
734857	38.7
734858	38.59
734859	39.12
734860	39.44
734864	39.38
734865	38.54
734866	39.34
734867	39.06
734870	39.06
734871	40.2
734872	40.09
734873	40.1
734874	41.32
734877	41.45
734878	43.26
734879	44.71
734880	46.09
734881	45.2
734886	46.07
734887	46.5
734888	45.99
734891	46.29
734892	46.25
734893	46.82
734894	46.94
734895	47.12
734898	50.28
734899	50.32
734900	52.44
734901	52.2
734902	53.67
734905	54.3
734906	54.18
734907	54.47
734908	54.53
734909	53.76
734912	54.22
734913	54.14
734914	53.6
734915	54.49
734916	54.61
734920	54.39
734921	53.93
734922	54.05
734923	53.8
734926	54.13
734927	54.96
734928	54.13
734929	53.79
734930	53.55
734933	52.24
734934	50.12
734935	51.17
734936	52.47
734937	52.08
734940	52.08
734941	52.12
734942	51.52
734944	52.03
734947	51.86
734948	51.49
734949	51.47
734950	50.82
734951	51.22
734954	51.93
734955	51.97
734956	51.12
734957	51.22
734958	51.69
734961	52.81
734962	53.34
734963	52.81
734964	52.08
734968	51.66
734969	49.91
734970	50.92
734971	52.77
734972	52.14
734975	52.45
734976	53.55
734977	52.91
734978	52.75
734979	52.76
734982	52.22
734983	51.78
734984	53.92
734985	54.21
734986	54.05
734989	53.97
734990	54.39
734991	54.11
734992	52.9
734993	50.71
734996	51.23
734997	50.63
734998	50.14
734999	50
735000	49.68
735003	48.25
735004	47.25
735005	46.33
735006	44.43
735007	44.24
735010	45.87
735011	45.47
735012	45.99
735014	47.62
735018	49.49
735019	47.43
735020	46.05
735021	43.61
735024	43.26
735025	44.76
735026	46.49
735027	47.31
735028	47.72
735031	45.86
735032	47.36
735033	45.92
735034	46.74
735035	47.36
735038	47.78
735039	49.33
735040	49
735041	46.6
735042	46.99
735045	45.84
735046	47.16
735047	48.23
735048	48.13
735049	50.37
735052	49.72
735053	50.89
735055	50.26
735056	50.15
735059	49.39
735060	48.84
735061	47.47
735062	47.51
735063	48.79
735066	48.59
735067	48.94
735068	49.96
735069	49.84
735070	49.19
735073	48.2
735074	47.66
735075	48.48
735076	49.07
735080	51
735081	52.28
735082	51.99
735083	52.72
735084	53.17
735087	54.29
735088	54.87
735089	54.39
735090	54.68
735091	54.54
735094	54.39
735095	53.51
735096	53.93
735097	54.81
735098	55.71
735101	55.53
735102	55.8
735103	55.93
735104	55.58
735105	55.27
735108	55.38
735109	55.68
735110	55.08
735111	54.55
735112	55.26
735116	54.54
735117	55.06
735118	56.68
735119	57.37
735122	57.17
735123	56.54
735124	56.35
735125	58.17
735126	58.64
735129	57.77
735130	57.55
735131	58.16
735132	57.36
735133	57.18
735136	56.66
735137	56
735138	55.33
735139	56.37
735140	57.01
735143	57.16
735144	56.69
735145	56.5
735146	57.47
735147	59.13
735150	57
735151	56.32
735152	55.54
735153	54.72
735154	54.25
735157	55.66
735158	57.22
735159	57.67
735160	58
735161	56.08
735164	56.2
735165	54.8
735166	54.46
735167	53.65
735168	60.19
735171	60.19
735173	59.24
735174	60.64
735175	59.3
735178	60.06
735179	60.48
735180	60.04
735181	58.05
735182	57.53
735185	57.22
735186	57.18
735187	55.5
735188	55.05
735189	55.69
735192	58.37
735193	58.65
735194	59.12
735196	60.05
735199	59.25
735200	59.03
735201	59.94
735202	60.62
735203	60.85
735206	59.99
735207	59.66
735208	60.27
735209	60.85
735210	61.85
735213	62.71
735214	62.16
735215	63.65
735216	63.76
735217	64.68
735220	65.76
735221	66.39
735222	65.73
735223	66.65
735224	66
735227	66.72
735229	66.7
735230	66.72
735231	66.05
735234	68.05
735236	69.78
735237	68.88
735238	70.16
735241	70.14
735242	69.51
735243	70.58
735244	71.17
735245	70.52
735248	70.5
735249	70.18
735250	70
735251	71.52
735252	71.22
735256	71.46
735257	70.95
735258	71.24
735259	71.9
735262	71.63
735263	72.47
735264	72.29
735265	71.51
735266	71.15
735269	72.48
735270	72.88
735271	72.77
735272	71.96
735273	72.47
735276	73.31
735277	74.13
735278	73.93
735279	74.78
735280	74.08
735284	73.43
735285	70.22
735286	68.72
735287	71.69
735290	68
735291	68.57
735292	70.79
735293	69.73
735294	69.71
735297	69.78
735298	71.12
735299	72
735300	72.02
735301	72.23
735304	72.78
735305	73.16
735306	72.72
735307	73.25
735308	72.6
735311	72.83
735312	72.77
735313	73.18
735314	70.48
735315	70.11
735318	68.99
735319	69.23
735320	68.59
735321	69.62
735325	69.14
735326	68.2
735327	66.63
735328	67.52
735329	68.14
735332	67.86
735333	68.55
735334	67.9
735335	68.29
735336	68
735339	65.59
735340	67.87
735341	66.62
735342	66.18
735343	69.8
735346	69.32
735347	70.36
735348	71.56
735349	72.65
735350	68.97
735353	68.27
735354	67.09
735355	64.06
735356	66.03
735357	67.89
735360	68.52
735361	68.78
735362	68.6
735363	66.84
735364	67.24
735367	66.56
735368	67.44
735369	70.83
735370	71.4
735371	73.95
735374	73.37
735375	73.15
735376	72.44
735377	72.11
735378	71.9
735382	71.88
735383	71.89
735384	71.92
735385	71.72
735388	72.34
735389	71.11
735390	68.93
735391	69.63
735392	70.42
735395	70.55
735396	69.4
735397	68.72
735398	71.36
735399	71.02
735402	72.26
735403	73.25
735404	72.33
735405	70.46
735406	70.79
735409	70
735410	70.33
735411	72.08
735412	72.02
735413	70.01
735416	71.38
735417	70.71
735418	71.03
735420	72.01
735423	72.71
735424	73.43
735425	73.43
735426	73.97
735427	73.96
735430	74.2
735431	73.59
735432	75.28
735433	74.87
735434	74.87
735437	75.71
735438	75.81
735439	75.04
735440	75.47
735441	74.16
735444	75.03
735445	79.75
735446	80.43
735447	82.3
735448	82.41
735451	82.49
735452	80.92
735453	80.94
735454	80.47
735455	80.07
735458	79.29
735459	80.63
735460	80.06
735461	78.31
735462	77.85
735465	77.98
735466	78.48
735467	78.34
735468	79.45
735469	79.67
735472	78.27
735473	75.88
735474	75.25
735475	76.45
735476	76
735480	76.85
735481	76.88
735482	76.79
735483	76.88
735486	77.29
735487	77.75
735488	78.42
735489	77.66
735490	76.5
735493	76.3
735494	77.37
735495	78.78
735496	79.2
735497	78.53
735500	77.55
735501	77.16
735502	76.74
735503	78.22
735504	77.7
735507	77.9
735508	79.43
735509	78.83
735510	78.04
735511	80.01
735514	77.75
735515	75.97
735516	76.4
735517	77.88
735518	77.98
735521	78.31
735522	79.33
735523	80.28
735524	81.46
735525	81.61
735528	81.22
735529	82.55
735530	82.6
735531	82.18
735532	77.94
735535	76.26
735536	78.44
735537	78.39
735538	78.79
735539	78.22
735542	77.69
735543	77.73
735544	77.92
735545	76.81
735546	79.11
735549	79.01
735550	79.07
735551	79.72
735552	79.24
735553	78.71
735556	77.86
735557	76.67
735558	75.87
735559	76.45
735560	76.43
735563	75.89
735564	75.45
735565	76.64
735567	77.03
735570	76.46
735571	75.43
735572	74.58
735573	74.31
735574	76.21
735577	75.36
735578	75.31
735579	74.55
735580	73.86
735581	72.67
735584	73.43
735585	74.03
735586	74.64
735587	75.01
735588	75.93
735591	77.05
735592	78.22
735594	78.97
735595	79.06
735598	79.9
735599	80.7
735601	80.28
735602	80.17
735605	79.76
735606	79.45
735607	79.2
735608	79.3
735609	79.43
735612	78.17
735613	79.29
735614	79.81
735615	79.83
735616	79.88
735620	79.64
735621	77.85
735622	76.2
735623	74.63
735626	74.38
735627	75.22
735628	74.69
735629	75.97
735630	77.96
735633	76.11
735634	77
735635	77.82
735636	78.12
735637	79.16
735640	80.16
735641	79.81
735642	81.65
735643	82.48
735644	82.84
735648	82.82
735649	82.05
735650	82.81
