734290	62
734291	62.8
734292	62.98
734293	62.37
734296	61.89
734297	62.34
734298	62.16
734299	63
734300	63
734303	62.75
734304	63.39
734305	63.4
734306	63.7
734307	63.76
734310	63.22
734311	62.75
734312	62.72
734313	62.27
734314	62.93
734317	62.8
734318	62.07
734319	62.2
734320	62.04
734321	62.57
734325	63
734326	63.5
734327	63.87
734328	64.9
734331	64.85
734332	64.98
734333	65.04
734334	65
734335	64.74
734338	64.84
734339	65.16
734340	64.73
734341	65.16
734342	65.48
734345	65.57
734346	65.66
734347	65.5
734348	65.29
734349	65.29
734352	65.7
734353	65.27
734354	65.62
734355	65.85
734356	65.98
734359	65.8
734360	65.98
734361	65.38
734362	65.11
734363	64.95
734366	65.93
734367	66.28
734368	66.6
734369	66.25
734370	66.25
734373	66.53
734374	66.45
734375	66.28
734376	66.28
734377	66.72
734380	66.38
734381	65.8
734382	66.2
734383	66.15
734384	66.67
734388	65.75
734389	64.59
734390	64.83
734391	65.02
734394	64.63
734395	64.85
734396	67.16
734397	67.3
734398	67.7
734401	67.75
734402	67.65
734403	67.72
734404	67.63
734405	67.95
734408	67.84
734409	68.04
734410	68
734411	67.95
734412	68.3
734415	68.25
734416	68.32
734417	68.73
734418	68.57
734419	67.85
734422	69.78
734423	69.92
734424	69.81
734425	69.65
734426	69.71
734429	69.82
734430	69.95
734431	70.03
734432	70.15
734433	70.13
734436	69.99
734437	70.84
734438	70.8
734439	70.79
734440	70.89
734443	71
734444	70.43
734445	69.31
734446	68.6
734447	68.56
734450	68.62
734451	68.01
734452	67.16
734453	67.87
734454	67.49
734457	67.2
734458	66.25
734459	66.75
734460	67.4
734461	66.95
734464	65.9
734465	62
734466	62.07
734468	61.61
734471	61.75
734472	61.1
734473	61.94
734474	63.71
734475	66.26
734478	65.11
734479	65.5
734480	65.97
734481	61.84
734482	63.4
734485	63.5
734486	63.58
734487	63.33
734488	63.2
734489	63.04
734492	62.91
734493	63.22
734494	61.44
734495	62.52
734499	62.6
734500	62.45
734501	62.46
734502	62.6
734503	62.46
734506	63.58
734507	63.48
734508	63.43
734509	63.65
734510	63.64
734513	63.59
734514	63.5
734515	63.63
734516	63.47
734517	63.72
734521	63.49
734522	63.73
734523	63.55
734524	63.85
734527	63.27
734528	62.03
734529	61.97
734530	62.1
734531	62.38
734534	62.67
734535	63.58
734536	63.39
734537	63.45
734538	63.71
734541	63.18
734542	62.51
734543	63.52
734544	64
734545	63.82
734548	63.32
734549	63.73
734550	64.35
734551	64.15
734552	64.08
734556	62.79
734558	62.13
734559	62.51
734562	62.58
734563	62.24
734564	62.38
734565	63
734566	63.25
734569	62.8
734570	63.35
734571	63.29
734572	62.33
734573	62.55
734576	63.45
734577	62.26
734578	60.87
734579	61.61
734583	62.73
734584	62.87
734585	63.24
734586	65.71
734587	66.47
734590	66.78
734591	66.13
734592	66.32
734593	66.42
734594	66.85
734597	66.7
734598	67.15
734599	67.44
734600	66.88
734601	66.98
734604	66.68
734605	66.37
734606	66.11
734607	65.84
734608	66.69
734611	66.5
734612	67.29
734613	67.65
734614	68.03
734618	68.08
734619	68.26
734620	68.22
734621	69
734622	69.45
734625	68.71
734626	67.9
734627	67.67
734628	67.35
734629	67.32
734632	67.98
734633	68.79
734634	68.21
734635	68.05
734636	67.13
734639	66.94
734640	66.5
734641	66.81
734642	67.4
734643	66.86
734646	66.61
734647	66.6
734648	67.96
734649	67.84
734650	68.32
734654	69.08
734655	67.1
734656	67.57
734657	66.25
734660	66.25
734661	66.37
734662	66.12
734663	67.01
734664	65.86
734667	65.98
734668	66.7
734669	66.05
734670	66.14
734671	66.32
734674	66.84
734675	68.05
734676	68.38
734677	68.07
734678	68.21
734681	68.83
734682	69.58
734683	69.97
734684	70.04
734685	70.46
734689	69.88
734690	70
734691	70.72
734692	70.48
734695	69.28
734696	69.02
734697	69.77
734698	68.97
734699	69.82
734702	68.71
734703	69.85
734704	69.6
734705	70.48
734706	70.08
734709	70.22
734710	69.46
734711	68.5
734712	68.75
734713	68.7
734716	68.44
734717	66.65
734718	67.14
734719	62.88
734720	63.34
734723	58.5
734724	59.9
734725	59.46
734726	61.82
734731	62.4
734732	61.85
734733	59.95
734734	59.59
734737	59.67
734738	61.43
734739	61.56
734740	61.64
734741	62.58
734744	64.05
734745	64.57
734746	64.88
734747	64.51
734748	62.77
734752	62.5
734753	64.05
734754	63.2
734755	61.27
734758	60.95
734759	62.04
734760	63.48
734761	65.04
734762	65.92
734765	65.82
734766	66.77
734767	65.29
734768	63.82
734769	65.04
734772	66.13
734773	66.8
734774	66.26
734775	65.77
734776	63.82
734779	62.47
734780	63.97
734781	64.63
734782	65.29
734783	66.07
734786	67.85
734787	66.71
734788	67.76
734789	67.51
734793	67.61
734794	68.93
734795	67.64
734796	67.98
734797	69.01
734800	69.28
734801	67.98
734802	69.28
734803	70.3
734804	71.43
734807	68.95
734808	67.48
734809	69.14
734810	70.84
734811	71.19
734814	71.79
734815	71.98
734816	70.05
734817	71.34
734818	73.11
734821	72.68
734822	72.84
734823	72.66
734824	70.03
734825	70.94
734828	70.28
734829	70.79
734830	69.97
734832	69.71
734835	73.06
734836	72.81
734837	76.95
734838	76.48
734839	76.7
734842	77.22
734843	76.39
734844	77.07
734845	76.37
734846	77.73
734849	76.59
734850	75.85
734851	75.05
734852	76.48
734853	76.56
734856	76.24
734857	78.72
734858	78.51
734859	79.56
734860	79.9
734864	80.22
734865	79.01
734866	79.53
734867	78.08
734870	78.08
734871	79.02
734872	80.03
734873	79.44
734874	79.67
734877	79
734878	79.69
734879	80.56
734880	81.46
734881	80.61
734886	81.19
734887	80.82
734888	79.4
734891	79.82
734892	79
734893	79.26
734894	80.23
734895	77.27
734898	78.92
734899	78.93
734900	79.03
734901	77.02
734902	78.81
734905	78.36
734906	78.85
734907	79.73
734908	79.81
734909	78.68
734912	79.27
734913	79.03
734914	79.46
734915	80.37
734916	80.65
734920	80.04
734921	81.12
734922	81.83
734923	81.85
734926	82.25
734927	82.49
734928	82.33
734929	82.31
734930	82.24
734933	81.55
734934	80.42
734935	81.56
734936	83.17
734937	83.04
734940	83.04
734941	83.77
734942	83.97
734944	84.84
734947	85
734948	85.69
734949	86.33
734950	85.32
734951	86.43
734954	88.01
734955	89.43
734956	88.34
734957	88.45
734958	88.97
734961	89.71
734962	90.56
734963	89.4
734964	89.88
734968	89.08
734969	85.95
734970	87.84
734971	89.19
734972	89.23
734975	89.13
734976	90.34
734977	89.96
734978	90.15
734979	90.46
734982	89.66
734983	89.23
734984	90.42
734985	90.57
734986	91.59
734989	91.64
734990	91.28
734991	91.23
734992	92.04
734993	91.71
734996	91.53
734997	91.92
734998	91.32
734999	92.49
735000	92.08
735003	90.96
735004	90.62
735005	89.23
735006	83.62
735010	86.3
735011	86.77
735012	88.28
735014	87.77
735018	88.04
735019	87.67
735020	86.76
735021	83.91
735024	84.22
735025	83.6
735026	85.06
735027	85.45
735028	86.14
735031	85.21
735032	85.8
735033	84.21
735034	83.4
735035	84.85
735038	84.5
735039	85.92
735040	85.19
735041	82.35
735042	81.69
735045	80.73
735046	81.13
735047	80.3
735048	81.26
735049	84.01
735052	83.65
735053	83.83
735055	83.56
735056	82.42
735059	81.34
735060	80.7
735061	82.15
735062	81.64
735063	82.4
735066	82.05
735067	83.06
735068	83.38
735069	84.22
735070	83.42
735073	81.82
735074	80.43
735075	78.49
735076	78.55
735080	79.94
735081	79.32
735082	79.25
735083	78.8
735084	80.61
735087	81.87
735088	82.79
735089	83.2
735090	83.38
735091	83.49
735094	83.4
735095	82.74
735096	82.81
735097	84.03
735098	84.27
735101	83.98
735102	83.42
735103	84.14
735104	83.15
735105	82.22
735108	81.85
735109	81.93
735110	82.1
735111	81.52
735112	83.07
735116	82.25
735117	82.47
735118	84.58
735119	86.01
735122	85.68
735123	85.41
735124	83.41
735125	81.95
735126	82.05
735129	82.53
735130	82.66
735131	83.38
735132	83.86
735133	85.01
735136	83.88
735137	83.69
735138	82.3
735139	82.95
735140	82.3
735143	83.09
735144	82.45
735145	82.2
735146	82.6
735147	82.52
735150	82.57
735151	81.96
735152	80.96
735153	80.63
735154	80.11
735157	80.69
735158	82.09
735159	83.12
735160	83.33
735161	82.03
735164	81.58
735165	82.96
735166	85.36
735167	86.35
735168	86.74
735171	86.74
735173	88.97
735174	89.65
735175	89.28
735178	89.45
735179	89.43
735180	88.51
735181	87.55
735182	88.01
735185	86.67
735186	87.27
735187	87.02
735188	85.95
735189	86.72
735192	89.06
735193	89.6
735194	89.5
735196	90
735199	90.47
735200	87.99
735201	88.55
735202	88.26
735203	88.57
735206	86.89
735207	87.32
735208	88.14
735209	89.29
735210	90.99
735213	91.36
735214	91.33
735215	90.36
735216	89.7
735217	88.98
735220	89.78
735221	91.81
735222	90.81
735223	92.13
735224	91.54
735227	92.33
735229	92.39
735230	91.53
735231	90.71
735234	91.29
735236	93.6
735237	93.78
735238	94.76
735241	93.77
735242	93.74
735243	93.54
735244	93.49
735245	92.91
735248	92.3
735249	92.56
735250	92.27
735251	93.32
735252	93.61
735256	94.94
735257	92.87
735258	93.27
735259	93.22
735262	92.97
735263	94.99
735264	94.79
735265	94.69
735266	95.24
735269	95.23
735270	96.83
735271	97.14
735272	96.77
735273	97.27
735276	97.92
735277	97.51
735278	97.78
735279	98.15
735280	97.9
735284	98.64
735285	97.14
735286	96.21
735287	98.22
735290	95.85
735291	98.1
735292	100.5
735293	100.28
735294	100.72
735297	101.02
735298	101.38
735299	101.49
735300	101.65
735301	102.2
735304	102.25
735305	103
735306	103.52
735307	103.26
735308	103.06
735311	102.69
735312	101.94
735313	103.35
735314	97.96
735315	98.02
735318	97.57
735319	98.21
735320	97.8
735321	98.63
735325	97.96
735326	96.99
735327	95.65
735328	96.16
735329	95.95
735332	96.88
735333	96.88
735334	97.4
735335	97.74
735336	97.2
735339	94.61
735340	96.73
735341	96.43
735342	95.32
735343	95.87
735346	96.24
735347	96.33
735348	96.91
735349	97.51
735350	96.7
735353	96.86
735354	96.61
735355	93.91
735356	96.06
735357	96.83
735360	96.77
735361	97.93
735362	98.67
735363	98.67
735364	97.78
735367	96.72
735368	98.66
735369	100.47
735370	100.3
735371	101.87
735374	102.2
735375	102.85
735376	102.8
735377	102.51
735378	102.71
735382	103.98
735383	103.77
735384	103.37
735385	102.89
735388	103.33
735389	103.52
735390	101.08
735391	100.76
735392	101.15
735395	100.69
735396	98.86
735397	96.82
735398	96.31
735399	95.94
735402	95.94
735403	96.09
735404	96.15
735405	95.27
735406	95.03
735409	94.06
735410	95.52
735411	96.74
735412	95.83
735413	95.46
735416	97.5
735417	96.55
735418	96.3
735420	97.11
735423	97.92
735424	99.23
735425	99.23
735426	99.63
735427	100.29
735430	100.33
735431	100.64
735432	100.5
735433	100.77
735434	100.77
735437	100.9
735438	101.08
735439	101.08
735440	102.11
735441	100.31
735444	101.29
735445	101.58
735446	103.21
735447	105.15
735448	105.83
735451	105.72
735452	105.41
735453	105.7
735454	106.07
735455	105.52
735458	104
735459	104.35
735460	103.07
735461	101.71
735462	101.58
735465	101.07
735466	102.46
735467	102.25
735468	103.47
735469	103.3
735472	102.88
735473	101.17
735474	101.28
735475	101.42
735476	101.65
735480	103.25
735481	104.95
735482	104.28
735483	103.33
735486	105.45
735487	104.98
735488	105.05
735489	104
735490	103.86
735493	105.56
735494	104.3
735495	106.85
735496	106.98
735497	105.35
735500	104.39
735501	105.04
735502	105.5
735503	106.7
735504	105.93
735507	106.05
735508	108.99
735509	109.32
735510	108.57
735511	108.82
735514	106.94
735515	105.79
735516	106.18
735517	108.99
735518	108.45
735521	109.47
735522	108.74
735523	109.5
735524	110.84
735525	111.58
735528	111.52
735529	112.24
735530	107
735531	107.06
735532	109.14
735535	107.88
735536	108.81
735537	108.85
735538	109.07
735539	108.01
735542	108.36
735543	108.26
735544	108.56
735545	107.06
735546	108.28
735549	108.51
735550	108.61
735551	109.38
735552	109.71
735553	110.32
735556	109.17
735557	109.26
735558	108.16
735559	108.96
735560	110.01
735563	109.54
735564	109.62
735565	109.8
735567	108.63
735570	107.21
735571	107.48
735572	107.79
735573	108.02
735574	109.72
735577	110.23
735578	109.49
735579	107.19
735580	107.63
735581	106.34
735584	107.52
735585	107.5
735586	109.15
735587	109.95
735588	109.9
735591	109.39
735592	110.85
735594	110.92
735595	111.3
735598	112.11
735599	111.85
735601	109.61
735602	108.98
735605	109.07
735606	109.72
735607	109.53
735608	109.2
735609	110.36
735612	110
735613	111.35
735614	111.08
735615	111.8
735616	112.15
735620	112.25
735621	112.49
735622	111.18
735623	108.82
735626	106.85
735627	107.43
735628	108.57
735629	105.44
735630	103.24
735633	100.17
735634	100.97
735635	101
735636	102.64
735637	104.19
735640	104.35
735641	105.06
735642	104.98
735643	106.14
735644	106.41
735648	106.51
735649	105.39
735650	105.42
