734290	23.02
734291	23
734292	22.88
734293	22.44
734296	23.86
734297	24.3
734298	24.14
734299	24.64
734300	25.08
734303	25.29
734304	25.63
734305	25.88
734306	25.86
734307	25.78
734310	25.44
734311	25.44
734312	25.24
734313	25.35
734314	25.57
734317	25.57
734318	25.29
734319	24.94
734320	24.76
734321	24.69
734325	25.24
734326	25.8
734327	25.58
734328	25.6
734331	25.26
734332	25.31
734333	25.09
734334	25.5
734335	25.17
734338	24.84
734339	25.02
734340	24.75
734341	24.93
734342	24.65
734345	24.97
734346	25.32
734347	25.12
734348	25.08
734349	24.92
734352	25.53
734353	25.68
734354	26.03
734355	26.38
734356	26.37
734359	26.51
734360	26.66
734361	26.25
734362	26.33
734363	26.32
734366	26.28
734367	26.59
734368	26.28
734369	26.06
734370	26.44
734373	26.48
734374	26.02
734375	26.08
734376	25.85
734377	26.12
734380	25.85
734381	26.08
734382	26.41
734383	26.43
734384	26.58
734388	26.61
734389	26.75
734390	26.87
734391	27.05
734394	27.16
734395	26.96
734396	27.01
734397	26.95
734398	27.31
734401	27.81
734402	27.79
734403	27.82
734404	27.68
734405	27.62
734408	27.6
734409	27.93
734410	27.37
734411	27.11
734412	27.28
734415	26.73
734416	27.14
734417	27.19
734418	27.3
734419	27.16
734422	27.36
734423	27.23
734424	27.34
734425	27.51
734426	27.2
734429	27.33
734430	26.84
734431	26.89
734432	27.11
734433	26.96
734436	27.16
734437	26.86
734438	26.87
734439	26.99
734440	26.9
734443	27.07
734444	26.9
734445	26.65
734446	26.83
734447	26.69
734450	26.47
734451	26.25
734452	26.31
734453	26.27
734454	26.02
734457	26.32
734458	26.04
734459	25.96
734460	26.32
734461	25.95
734464	25.9
734465	25.56
734466	25.65
734468	25.55
734471	25.42
734472	25.24
734473	25.56
734474	25.84
734475	25.91
734478	25.89
734479	25.83
734480	25.9
734481	25.9
734482	26.04
734485	26.26
734486	26.55
734487	26.65
734488	26.72
734489	26.49
734492	26.51
734493	26.36
734494	26.34
734495	26.32
734499	26.5
734500	26.59
734501	26.55
734502	26.45
734503	26.48
734506	26.58
734507	26.5
734508	26.06
734509	25.84
734510	25.8
734513	25.74
734514	25.61
734515	25.95
734516	25.9
734517	25.84
734521	25.76
734522	25.61
734523	25.83
734524	26.06
734527	26
734528	26.03
734529	25.93
734530	26.35
734531	25.79
734534	25.18
734535	25.27
734536	25.28
734537	25.5
734538	25.7
734541	25.83
734542	25.75
734543	25.72
734544	25.54
734545	25.22
734548	25.56
734549	25.61
734550	25.62
734551	25.77
734552	25.49
734556	25.38
734558	25.4
734559	25.49
734562	25.81
734563	25.58
734564	25.39
734565	26.14
734566	26.43
734569	26.31
734570	26.45
734571	26.35
734572	26.26
734573	26.41
734576	26.2
734577	25.57
734578	24.97
734579	25.43
734583	26
734584	26.29
734585	26.16
734586	26.43
734587	27.29
734590	26.98
734591	26.84
734592	26.47
734593	26.43
734594	26.46
734597	26.72
734598	26.87
734599	27.19
734600	27.08
734601	27.51
734604	27.4
734605	27.44
734606	27.33
734607	27.61
734608	27.88
734611	27.58
734612	27.45
734613	27.7
734614	27.82
734618	27.74
734619	28.12
734620	28.28
734621	28.29
734622	28.1
734625	28.45
734626	28.83
734627	28.71
734628	28.49
734629	28.64
734632	28.72
734633	28.81
734634	28.76
734635	28.91
734636	28.81
734639	28.79
734640	28.65
734641	28.86
734642	28.6
734643	28.37
734646	28.2
734647	28.25
734648	28.28
734649	28.41
734650	28.47
734654	28.76
734655	28.27
734656	28.09
734657	27.98
734660	27.98
734661	27.99
734662	27.92
734663	27.86
734664	27.45
734667	27.6
734668	27.69
734669	27.42
734670	27.47
734671	27.52
734674	27.81
734675	27.98
734676	27.74
734677	29.33
734678	28.93
734681	28.47
734682	28.6
734683	28.54
734684	28.96
734685	29.15
734689	29.16
734690	29.22
734691	29.37
734692	29.12
734695	28.89
734696	29.01
734697	29.03
734698	29.1
734699	28.97
734702	28.66
734703	28.81
734704	28.89
734705	29.56
734706	29.49
734709	29.21
734710	29.04
734711	28.61
734712	29.05
734713	28.66
734716	28.55
734717	28.04
734718	28.29
734719	27.18
734720	27.43
734723	26.38
734724	26.43
734725	26.46
734726	27.8
734731	28.39
734732	28.51
734733	27.85
734734	27.88
734737	28.05
734738	28.76
734739	28.91
734740	28.48
734741	28.72
734744	29.29
734745	29.12
734746	29.75
734747	29.69
734748	29.01
734752	29.24
734753	29.91
734754	29.84
734755	29.16
734758	29.44
734759	29.6
734760	29.63
734761	29.96
734762	30.53
734765	30.72
734766	31.49
734767	30.95
734768	30.62
734769	30.89
734772	30.94
734773	31.24
734774	31.2
734775	31.12
734776	31.38
734779	31.49
734780	32.09
734781	32.46
734782	32.73
734783	32.38
734786	32.83
734787	32.96
734788	32.82
734789	32.76
734793	32.44
734794	32.56
734795	32.35
734796	32.44
734797	32.56
734800	32.53
734801	32.11
734802	32.51
734803	32.62
734804	32.09
734807	31.59
734808	31.31
734809	31.17
734810	31.74
734811	31.34
734814	31.39
734815	31.73
734816	30.97
734817	31.32
734818	31.79
734821	31.51
734822	31.21
734823	30.84
734824	30.63
734825	30.81
734828	30.42
734829	30.51
734830	30.15
734832	30.16
734835	31.11
734836	31.5
734837	32.72
734838	32.9
734839	32.77
734842	32.83
734843	33.12
734844	33.53
734845	33.31
734846	33.54
734849	33.18
734850	33.53
734851	33.74
734852	34.27
734853	34.22
734856	34.27
734857	35.03
734858	35.29
734859	35.09
734860	35.11
734864	35.23
734865	35.06
734866	35.27
734867	35.24
734870	35.24
734871	35.01
734872	34.34
734873	34.16
734874	34.22
734877	33.91
734878	34.62
734879	34.1
734880	34.12
734881	33.8
734886	33.73
734887	32.71
734888	32.65
734891	32.47
734892	32.25
734893	32.51
734894	32.7
734895	32.48
734898	32.25
734899	32.24
734900	32.43
734901	32.31
734902	32.26
734905	32.13
734906	32.15
734907	32.08
734908	31.99
734909	31.9
734912	31.99
734913	31.85
734914	31.87
734915	32.04
734916	33.12
734920	32.32
734921	32.23
734922	32.35
734923	32.6
734926	32.65
734927	32.45
734928	32.17
734929	32.64
734930	32.59
734933	32.92
734934	32.33
734935	32.48
734936	32.78
734937	32.91
734940	32.91
734941	33.42
734942	33.55
734944	33.18
734947	33.15
734948	33.08
734949	33.12
734950	32.9
734951	32.96
734954	33.59
734955	33.67
734956	33.67
734957	33.56
734958	33.75
734961	33.89
734962	33.87
734963	33.7
734964	33.68
734968	33.04
734969	32.47
734970	32.59
734971	32.55
734972	32.54
734975	32.93
734976	33.39
734977	33.57
734978	33.93
734979	34.23
734982	33.94
734983	33.97
734984	34.29
734985	33.76
734986	33.32
734989	33.37
734990	33.52
734991	33.49
734992	33.5
734993	33.37
734996	33.46
734997	33.21
734998	32.81
734999	33.19
735000	33.11
735003	32.91
735004	32.98
735005	33.02
735006	32.75
735010	32.71
735011	32.83
735012	32.52
735014	33.09
735018	33.34
735019	33.48
735020	33.55
735021	33.33
735024	33.66
735025	33.9
735026	34.04
735027	34.25
735028	34.37
735031	34.18
735032	34.25
735033	34.21
735034	34.55
735035	34.23
735038	34.58
735039	34.83
735040	34.74
735041	34.79
735042	35.36
735045	34.13
735046	34.52
735047	35.09
735048	35.08
735049	35.95
735052	36.05
735053	34.91
735055	34.77
735056	34.61
735059	35.02
735060	34.72
735061	34.59
735062	34.91
735063	35.37
735066	35.43
735067	35.98
735068	36.09
735069	36.15
735070	35.42
735073	34.97
735074	34.67
735075	34.95
735076	35.83
735080	35.63
735081	35.6
735082	35.6
735083	32.55
735084	32.64
735087	32.59
735088	32.54
735089	32.1
735090	31.77
735091	31.73
735094	31.57
735095	31.73
735096	31.88
735097	31.92
735098	31.57
735101	31.7
735102	31.75
735103	31.81
735104	32.15
735105	32.57
735108	32.89
735109	32.96
735110	32.9
735111	32.87
735112	33.01
735116	33.14
735117	33.08
735118	33.5
735119	33.3
735122	33.14
735123	33.56
735124	33.6
735125	33.71
735126	33.24
735129	33.07
735130	32.9
735131	32.9
735132	33.08
735133	33.61
735136	33.87
735137	33.97
735138	33.66
735139	33.85
735140	33.75
735143	33.91
735144	33.95
735145	33.56
735146	33.64
735147	33.64
735150	33.56
735151	33.28
735152	33.26
735153	32.95
735154	33.09
735157	33.93
735158	34.13
735159	34.38
735160	34.29
735161	33.81
735164	34.04
735165	33.28
735166	33.05
735167	33.73
735168	33.62
735171	33.62
735173	33.25
735174	33.48
735175	33.18
735178	33.09
735179	33.27
735180	32.62
735181	32.12
735182	32.23
735185	31.94
735186	31.87
735187	31.48
735188	30.81
735189	31.71
735192	32.03
735193	32.15
735194	32.41
735196	32.62
735199	32.73
735200	32.61
735201	32.73
735202	32.82
735203	32.63
735206	32.67
735207	32.7
735208	32.79
735209	32.72
735210	32.56
735213	32.81
735214	33.07
735215	33.21
735216	32.79
735217	32.73
735220	32.8
735221	33.02
735222	32.57
735223	32.57
735224	32.56
735227	32.46
735229	32.35
735230	32.14
735231	31.9
735234	32.59
735236	32.71
735237	33.24
735238	33.35
735241	33.4
735242	33.49
735243	33.68
735244	34.09
735245	34.13
735248	34.22
735249	34.3
735250	34.33
735251	34.27
735252	34.46
735256	34.85
735257	34.9
735258	35.81
735259	36.69
735262	36.41
735263	36.54
735264	36.48
735265	36.62
735266	36.14
735269	36.52
735270	36.51
735271	36.55
735272	36.38
735273	36.49
735276	37.03
735277	36.93
735278	36.52
735279	36.12
735280	36.58
735284	36.94
735285	36.69
735286	36.69
735287	36.9
735290	36.34
735291	36.39
735292	37.1
735293	36.97
735294	37.15
735297	36.94
735298	37.57
735299	37.76
735300	37.53
735301	37.4
735304	37.52
735305	38.22
735306	38.49
735307	38.48
735308	38.96
735311	38.88
735312	39.34
735313	39.87
735314	39.71
735315	40.39
735318	40.26
735319	40.68
735320	40.63
735321	41.03
735325	41.14
735326	41.68
735327	41.07
735328	40.78
735329	40.61
735332	40.73
735333	40.83
735334	41.19
735335	41.3
735336	41.42
735339	40.75
735340	41.06
735341	40.72
735342	40.5
735343	41.15
735346	41.93
735347	42.35
735348	41.68
735349	40.22
735350	40.28
735353	39.91
735354	39.58
735355	39.72
735356	40.01
735357	40.2
735360	40.02
735361	39.9
735362	39.68
735363	39.93
735364	40.49
735367	40.94
735368	42.21
735369	44.34
735370	42.77
735371	43.3
735374	43.76
735375	44.06
735376	46.4
735377	47
735378	47.4
735382	47.68
735383	46.71
735384	47.02
735385	46.01
735388	47.59
735389	46.83
735390	46.17
735391	47
735392	47.5
735395	47.31
735396	47.29
735397	46.57
735398	47.17
735399	46.8
735402	46.44
735403	46.85
735404	46.05
735405	44.58
735406	45.73
735409	45.47
735410	45.18
735411	46.47
735412	46.3
735413	44.69
735416	44.82
735417	43.99
735418	43.32
735420	44.18
735423	43.97
735424	44.54
735425	44.54
735426	46.03
735427	45.81
735430	45.16
735431	44.99
735432	44.51
735433	43.95
735434	43.95
735437	44.19
735438	45.19
735439	44.59
735440	43.93
735441	44.22
735444	43.76
735445	43.33
735446	43.24
735447	43.99
735448	43.84
735451	43.62
735452	44.14
735453	43.74
735454	44
735455	43.69
735458	43.11
735459	43.33
735460	42.93
735461	41.98
735462	41.68
735465	41.95
735466	41.57
735467	41.32
735468	41.66
735469	42.24
735472	42.42
735473	41.67
735474	42.03
735475	41.79
735476	41.69
735480	41.72
735481	41.99
735482	41.72
735483	41.89
735486	42.3
735487	42.52
735488	43.26
735489	43.68
735490	43.56
735493	45.14
735494	45.4
735495	46.52
735496	47.53
735497	46.78
735500	46.55
735501	46.82
735502	46.61
735503	46.93
735504	46.2
735507	46.28
735508	47.24
735509	46.93
735510	46.56
735511	47.52
735514	47.02
735515	46.6
735516	46.41
735517	47.84
735518	47.68
735521	47.67
735522	47.39
735523	48.8
735524	49.67
735525	49.72
735528	49.27
735529	49.73
735530	48.96
735531	49.37
735532	48.77
735535	52.02
735536	53.32
735537	53.13
735538	52.52
735539	52.48
735542	53.04
735543	52.52
735544	52.04
735545	51.3
735546	52.35
735549	52.58
735550	52.54
735551	51.86
735552	52.74
735553	52.42
735556	51.86
735557	51.98
735558	51.79
735559	52.35
735560	53.41
735563	52.85
735564	51.88
735565	51.67
735567	51.38
735570	51.48
735571	50.96
735572	51.08
735573	50.8
735574	50.68
735577	51.21
735578	51.23
735579	50.65
735580	50.55
735581	50.73
735584	50.88
735585	51.1
735586	52.59
735587	53.84
735588	53.37
735591	53.33
735592	53.2
735594	53.6
735595	53.15
735598	53.42
735599	53.15
735601	52.27
735602	52.85
735605	52.64
735606	52.56
735607	53.42
735608	55.03
735609	56.18
735612	55.42
735613	55.68
735614	54.5
735615	54.8
735616	54.36
735620	54.59
735621	54.81
735622	53.95
735623	50.94
735626	49.72
735627	51.07
735628	50.22
735629	50.49
735630	49.97
735633	48.64
735634	48.94
735635	48.54
735636	48.98
735637	50.33
735640	52.12
735641	52.62
735642	52.85
735643	53.49
735644	54.37
735648	54.63
735649	53.46
735650	53.85
