734262	37.55
734263	38.5
734264	36.17
734265	35.09
734268	37.21
734269	36.76
734270	37.86
734271	37.28
734272	36.15
734275	36.64
734276	36.57
734277	36.01
734278	34.85
734279	35.47
734282	35.71
734283	35.87
734284	36.46
734285	38.19
734286	37.55
734290	37.54
734292	38.89
734293	36.7
734296	35.62
734297	35.59
734298	35.83
734299	36.8
734300	37.5
734303	37.18
734304	38.23
734305	37.85
734306	38.3
734307	38.26
734310	38.22
734311	37.55
734312	36.77
734313	35.59
734314	35.83
734317	35.94
734318	34.5
734319	33.03
734320	32.76
734321	32.45
734325	32.22
734326	34.2
734327	34.25
734328	34.33
734331	34.31
734332	34.99
734333	33.01
734334	33.43
734335	32.74
734338	33
734339	32.87
734340	32.43
734341	33.44
734342	33.99
734345	34.81
734346	37.76
734347	37
734348	36.48
734349	36.75
734352	38.23
734353	37.47
734354	38.92
734355	38.98
734356	38.36
734359	38.76
734360	38.31
734361	36.93
734362	36.16
734366	36.47
734367	36.93
734368	37.79
734369	37.43
734370	37.26
734373	37.03
734374	35.89
734375	36.01
734376	35.53
734377	36.15
734380	35.14
734382	36.63
734383	37.22
734384	37.77
734388	37.6
734389	38.33
734390	38.54
734391	38.91
734394	40.39
734395	40.65
734396	41.6
734397	41.43
734398	41.65
734401	42.48
734402	43.44
734403	42.56
734404	42.05
734405	43.27
734408	43.04
734411	44.62
734412	45.07
734415	43.6
734417	43.43
734418	43.87
734419	43.33
734423	44.6
734424	45.13
734425	45.09
734426	45.63
734429	45.59
734431	46.22
734432	46.31
734433	46.92
734436	47.72
734437	37.71
734438	38.48
734439	37.62
734440	38.03
734443	38.76
734444	39.12
734445	39.61
734446	39.77
734447	39.19
734450	39.51
734451	39.35
734452	39.05
734453	38.19
734454	37.45
734457	37.39
734458	36.16
734459	36.25
734460	36.68
734461	36.63
734464	37.39
734466	37.51
734468	36.97
734471	36.93
734472	36.24
734473	37.27
734474	38.36
734475	37.84
734479	37.53
734480	37.57
734481	37.3
734482	37.48
734485	37.48
734486	35.69
734487	34.93
734488	35.41
734489	34.93
734492	35
734493	35.38
734494	35.35
734499	35.72
734500	34.63
734501	34.58
734506	35.18
734507	34.29
734508	34.43
734509	35.05
734510	34.91
734513	35.53
734514	35.74
734515	36.87
734516	35.21
734517	35.84
734522	35.54
734523	35.54
734524	35.43
734529	36.75
734530	36.43
734531	35.27
734534	34.84
734535	39.45
734536	39.7
734537	39.25
734538	38.79
734541	39.39
734542	39.73
734544	40.35
734545	40.23
734548	39.83
734549	39.22
734550	39.51
734551	38.95
734552	38.89
734556	37.58
734558	37.29
734559	37.4
734562	37.53
734563	36.76
734564	36.86
734565	36.8
734566	36.41
734569	36.33
734570	37.31
734571	37.17
734572	36.01
734573	36.61
734576	36.01
734577	36.07
734578	35.42
734579	35.03
734583	35.95
734584	35.68
734585	36
734586	35.92
734587	36.53
734590	36.84
734591	36.97
734592	37.18
734593	37.04
734594	35.92
734597	36.39
734598	36.02
734599	36.37
734600	36.08
734601	36.66
734604	38.22
734605	37.49
734606	36.98
734607	35.65
734608	35.59
734611	35.39
734612	35.5
734613	36.52
734614	36.92
734618	38.29
734619	32.76
734621	31.96
734622	32.25
734625	32.18
734626	31.5
734627	31.81
734628	31.31
734629	31.1
734632	30.94
734633	31.4
734634	31.19
734635	30.51
734636	29.96
734639	30.01
734640	30
734641	30.08
734642	30.02
734643	29.87
734646	29.07
734647	28.71
734648	29.39
734649	29.38
734650	29.61
734654	29.78
734655	28.41
734656	28.03
734657	28.1
734660	28.1
734661	27.59
734662	27.18
734663	27.08
734664	26.81
734667	26.88
734668	27.52
734669	27.6
734670	27.65
734671	27.75
734674	28.23
734675	28.56
734676	28.07
734677	28.28
734678	27.46
734681	27.65
734682	28.09
734683	28.62
734684	29.26
734685	29.85
734689	29.78
734690	29.4
734691	29.57
734695	28.75
734696	29.09
734697	29.13
734699	29.05
734702	29.05
734703	29.15
734704	29.07
734705	29.58
734706	29.74
734709	28.84
734710	33.93
734711	33.73
734712	33.9
734713	33.57
734716	33.49
734717	32.58
734718	34.45
734719	32.81
734720	33.05
734723	30.38
734724	30.25
734725	29.92
734726	31.36
734731	31.37
734732	31.02
734733	29.62
734734	28.46
734737	29
734738	30.06
734739	30.47
734740	29.87
734741	30.36
734744	31.4
734745	31.53
734746	31.96
734747	31.57
734748	30.55
734752	30.4
734753	31.12
734754	30.81
734755	30.42
734758	30.64
734759	30.86
734760	31.03
734761	31.89
734762	31.49
734765	31.22
734766	30.83
734767	30.25
734768	27.87
734769	28.03
734772	28.53
734773	28.93
734774	28.31
734775	28.03
734776	27.03
734779	26.48
734780	27.37
734781	27.9
734782	27.99
734783	28.92
734786	29.58
734787	30.27
734788	29.83
734789	29.37
734793	29.28
734794	29.2
734795	28.31
734796	28.71
734797	29.67
734800	31.27
734801	29.22
734802	29.41
734803	31.43
734804	32.69
734807	31.7
734808	30.67
734809	31.38
734810	33.33
734811	33.35
734814	34.33
734815	34.26
734816	33.09
734817	33.19
734818	33.89
734821	33.83
734822	34.09
734823	33.84
734824	33.44
734825	33.45
734828	33.24
734829	32.21
734830	31.49
734832	31.17
734835	32.09
734836	31.94
734837	33.46
734838	33.64
734839	33.19
734842	33.38
734843	33.31
734844	33.26
734845	32.71
734846	33.32
734849	32.85
734850	32.52
734851	32.42
734852	32.59
734853	32.74
734856	32.04
734857	33.2
734858	32.62
734859	33.28
734860	34
734864	33.86
734865	32.97
734866	33.32
734867	33.07
734870	33.07
734871	33.69
734872	33.91
734873	34.04
734874	34.1
734877	34.27
734878	34.12
734879	34.57
734880	34.95
734881	34.72
734886	35.41
734887	35.38
734888	35.49
734891	36.14
734892	35.64
734893	35.1
734894	35.24
734895	35.08
734898	34.81
734899	34.9
734900	35.67
734901	35.58
734902	36.94
734905	37.01
734906	36.86
734907	37.23
734908	37.56
734909	37.32
734912	37.17
734913	37.21
734914	36.99
734915	37.83
734916	37.91
734920	37.74
734921	37.3
734922	37.48
734923	37.25
734926	37.29
734927	37.22
734928	36.88
734929	36.96
734930	35.95
734933	35.87
734934	35.48
734935	35.73
734936	36.19
734937	35.73
734940	35.73
734941	36.47
734942	35.81
734944	35.06
734947	35.3
734948	35.13
734949	35.34
734950	34.51
734951	34.28
734954	34.16
734955	33.7
734956	33.43
734957	33.48
734958	33.24
734961	33.19
734962	33.04
734963	32.9
734964	32.28
734968	31.98
734969	32.1
734970	32.35
734971	32.99
734972	32.44
734975	32.38
734976	32.74
734977	32.45
734978	32.35
734979	32.38
734982	32.55
734983	30.44
734984	29.73
734985	30.17
734986	30.14
734989	30.1
734990	30.16
734991	29.74
734992	29.67
734993	29.35
734996	29.01
734997	28.83
734998	28.95
734999	28.44
735000	28.31
735003	28.14
735004	27.45
735005	27.3
735006	26.63
735007	26.13
735010	26.63
735011	26.28
735012	26.23
735014	25.83
735018	26.11
735019	25.1
735020	25.02
735021	24.98
735024	25.24
735025	25.42
735026	26.01
735027	25.67
735028	25.83
735031	24.86
735032	24.99
735033	24.91
735034	24.86
735035	25.54
735038	25.67
735039	26.21
735040	26.25
735041	25.55
735042	25.93
735045	25.57
735046	25.7
735047	26.26
735048	26.07
735049	26.58
735052	26.48
735053	27.75
735055	27.54
735056	27.05
735059	26.65
735060	25.96
735061	26.29
735062	24.31
735063	20.36
735066	20.21
735067	19.94
735068	19.99
735069	19.82
735070	19.66
735073	19.22
735074	16.65
735075	16.85
735076	16.93
735080	17.36
735081	17.49
735082	17.51
735083	17.13
735084	17.92
735087	18.6
735088	19.1
735089	19.35
735090	19.56
735091	19.9
735094	19.58
735095	19.43
735096	19.81
735097	20.31
735098	20.51
735101	20.75
735102	20.7
735103	19.87
735104	19.44
735105	19.45
735108	19.01
735109	21.62
735110	21.07
735111	21.53
735112	21.71
735116	21.14
735117	21.32
735118	21.7
735119	21.64
735122	21.67
735123	21.98
735124	22.25
735125	22.53
735126	23.99
735129	23.72
735130	23.84
735131	23.86
735132	23.76
735133	23.44
735136	22.76
735137	22.35
735138	22.19
735139	22.87
735140	22.25
735143	21.66
735144	21.8
735145	21.13
735146	21.22
735147	21.55
735150	22.1
735151	21.07
735152	20.73
735153	20.79
735154	20.88
735157	21.08
735158	21.5
735159	21.59
735160	21.65
735161	21.68
735164	21.65
735165	22.5
735166	21.33
735167	21.73
735168	21.38
735171	21.38
735173	21.26
735174	22.06
735175	21.4
735178	21.47
735179	21.78
735180	21.43
735181	21.52
735182	21.72
735185	21.45
735186	21.84
735187	22.12
735188	23.32
735189	23.1
735192	24.04
735193	23.99
735194	24.22
735196	25.61
735199	24.85
735200	24.5
735201	24.09
735202	24.47
735203	24.33
735206	24.1
735207	24.36
735208	24.27
735209	25.03
735210	24.96
735213	25.55
735214	25.45
735215	25.08
735216	23.49
735217	23.18
735220	23.22
735221	23.84
735222	23.9
735223	23.88
735224	23.52
735227	23.48
735229	23.37
735230	23.33
735231	23.01
735234	23.19
735236	24.16
735237	25.97
735238	26.08
735241	26
735242	25.45
735243	25.49
735244	25.52
735245	25.96
735248	26.85
735249	27.19
735250	27.12
735251	27.81
735252	27.95
735256	28.32
735257	28.18
735258	28.27
735259	28.15
735262	27.95
735263	23.74
735264	24.25
735265	24.15
735266	24.06
735269	23.58
735270	23.8
735271	23.97
735272	23.6
735273	23.79
735276	24.12
735277	24
735278	23.33
735279	23.49
735280	23.31
735284	23.25
735285	22.13
735286	22.25
735287	22.61
735290	22.37
735291	22.3
735292	22.64
735293	22.02
735294	21.79
735297	22.44
735298	22.64
735299	23.28
735300	23.7
735301	23.66
735304	23.67
735305	24.37
735306	24.17
735307	24.5
735308	24.62
735311	25.24
735312	25.16
735313	25.68
735314	25.63
735315	25.49
735318	25.8
735319	25.89
735320	26.36
735321	26.71
735325	26.44
735326	26.37
735327	26.56
735328	26.56
735329	26.09
735332	26.52
735333	26.22
735334	27.57
735335	27.83
735336	27.07
735339	26.13
735340	26.18
735341	25.23
735342	25.62
735343	25.5
735346	25.45
735347	28.59
735348	27.37
735349	27.77
735350	29.02
735353	29.55
735354	30.2
735355	29.66
735356	29.86
735357	30.67
735360	30.93
735361	30.23
735362	30.08
735363	30.52
735364	30.89
735367	30.79
735368	30.59
735369	30.8
735370	30.82
735371	31.12
735374	31.46
735375	31.51
735376	30.97
735377	30.5
735378	30.25
735382	30.35
735383	30.01
735384	30.73
735385	30.51
735388	29.92
735389	30.75
735390	30.58
735391	30.88
735392	32.1
735395	32.19
735396	31.5
735397	30.83
735398	30.99
735399	30.62
735402	30.65
735403	30.95
735404	30.69
735405	30.06
735406	30.45
735409	29.82
735410	29.63
735411	30.17
735412	30.54
735413	30.57
735416	31.81
735417	31.79
735418	31.97
735420	32.45
735423	31.85
735424	32.72
735425	32.72
735426	33.58
735427	33.4
735430	33.1
735431	33.1
735432	32.67
735433	33.55
735434	33.55
735437	33.27
735438	36.43
735439	36.5
735440	37.04
735441	36.69
735444	36.61
735445	37.39
735446	37.49
735447	38.4
735448	38.32
735451	38.62
735452	38.73
735453	38.87
735454	39.23
735455	40.76
735458	40.98
735459	41.11
735460	40.85
735461	39.76
735462	39.86
735465	39.66
735466	40.15
735467	39.2
735468	36.87
735469	37.67
735472	37.32
735473	35.34
735474	34.8
735475	34.81
735476	34.16
735480	33.86
735481	33.9
735482	33.81
735483	33.47
735486	33.95
735487	34.21
735488	33.74
735489	33.68
735490	33.64
735493	33.63
735494	33.75
735495	33.61
735496	33.42
735497	33.01
735500	33.06
735501	33.2
735502	33.63
735503	33.86
735504	33.24
735507	33
735508	33.44
735509	34.02
735510	34.11
735511	34.32
735514	33.93
735515	33.58
735516	33.46
735517	34.45
735518	34.84
735521	35.19
735522	34.76
735523	34.84
735524	34.75
735525	35.33
735528	35.81
735529	38.02
735530	36.1
735531	35.42
735532	35.61
735535	35.87
735536	35.86
735537	35.09
735538	35.55
735539	35.37
735542	36.42
735543	35.86
735544	35.87
735545	34.91
735546	35.87
735549	36.2
735550	36.83
735551	37.38
735552	37.03
735553	37.01
735556	36.63
735557	36.18
735558	36.31
735559	36.35
735560	36.22
735563	35.89
735564	34.98
735565	35.26
735567	35.37
735570	35.7
735571	35.78
735572	35.9
735573	35.04
735574	35.51
735577	35.2
735578	35.03
735579	33.35
735580	33.85
735581	33.7
735584	33.61
735585	33.31
735586	33.53
735587	33.74
735588	34.99
735591	34.98
735592	35.03
735594	34.82
735595	34.8
735598	35.34
735599	35.52
735601	34.92
735602	35.42
735605	35.9
735606	36.21
735607	35.56
735608	35.7
735609	35.96
735612	35.22
735613	35.7
735614	35.79
735615	35.74
735616	35.85
735620	36.21
735621	36.42
735622	35.93
735623	34.4
735626	34.92
735627	38.13
735628	38.83
735629	39.51
735630	39.19
735633	38.24
735634	38.7
735635	39.19
735636	39.54
735637	39.44
735640	39.41
735641	40.29
735642	40.45
735643	41.06
735644	41.12
735648	42.23
735649	41.59
735650	42.41
