734290	67.42
734291	69.12
734292	68.97
734293	66.55
734296	65.6
734297	66.81
734298	67.5
734299	68.91
734300	69.43
734303	69.02
734304	70.24
734305	70.54
734306	70.65
734307	71.54
734310	71.15
734311	70.22
734312	69
734313	67.32
734314	68.58
734317	67.79
734318	65.52
734319	64.81
734320	65
734321	64.97
734325	65.74
734326	67.74
734327	68.78
734328	69.74
734331	69.17
734332	70.93
734333	70.26
734334	70.32
734335	69.32
734338	69.32
734339	70.77
734340	70.05
734341	71.6
734342	72.09
734345	72.8
734346	72.37
734347	72.51
734348	72.69
734349	72.58
734352	74.99
734353	75.68
734354	76.7
734355	77.06
734356	76.22
734359	77
734360	76.93
734361	75.4
734362	74.7
734363	75.68
734366	75.9
734367	76.72
734368	77.03
734369	75.59
734370	75.01
734373	74.69
734374	73.84
734375	73.55
734376	73.56
734377	74.42
734380	73.7
734381	74.03
734382	74.75
734383	77.19
734384	78.04
734388	77.38
734389	77.79
734390	77.95
734391	77.95
734394	78.78
734395	80.21
734396	81.38
734397	81.75
734398	82.2
734401	83.05
734402	83
734403	83.18
734404	82.94
734405	84.2
734408	83.86
734409	83.97
734410	82.85
734411	82.82
734412	83.02
734415	82.07
734416	84.2
734417	84.02
734418	82.41
734419	82.7
734422	82.53
734423	82.58
734424	82.91
734425	82.1
734426	81.66
734429	82.95
734430	81.3
734431	83.1
734432	84.93
734433	84.74
734436	85.74
734437	85.7
734438	84.17
734439	85.15
734440	84.97
734443	84.95
734444	86.36
734445	85.46
734446	86.86
734447	86.65
734450	87.21
734451	85.58
734452	85.27
734453	85.49
734454	84
734457	84.52
734458	83.21
734459	83.74
734460	85.65
734461	86.01
734464	85.5
734465	84.57
734466	86.55
734468	85.62
734471	85.82
734472	86.22
734473	86.39
734474	88.63
734475	87.61
734478	87.69
734479	87.52
734480	87.06
734481	88.75
734482	88.84
734485	88.68
734486	87.59
734487	88.02
734488	88.58
734489	89.33
734492	89.93
734493	90.53
734494	90.57
734495	90.8
734499	90.89
734500	91.22
734501	91.25
734502	90.95
734503	90.95
734506	90.53
734507	89.19
734508	88.8
734509	88.34
734510	88.5
734513	88.51
734514	88.32
734515	88.65
734516	88.86
734517	88.73
734521	89.1
734522	88.51
734523	87.26
734524	86.51
734527	86.5
734528	86.68
734529	86.92
734530	86.34
734531	85.77
734534	87.25
734535	89.62
734536	89.04
734537	88.59
734538	88.61
734541	89.25
734542	89.55
734543	88.49
734544	88.61
734545	89.06
734548	90.03
734549	90.22
734550	94.61
734551	93.94
734552	94.96
734556	91.83
734558	90.86
734559	91.42
734562	92
734563	89.9
734564	90.42
734565	91.9
734566	91.22
734569	89.56
734570	89.88
734571	89.59
734572	87.9
734573	87.02
734576	86.88
734577	85.73
734578	84.12
734579	86.25
734583	88.38
734584	87.87
734585	88.55
734586	89.84
734587	89.94
734590	89.89
734591	90.28
734592	90.19
734593	90.18
734594	90.48
734597	90.74
734598	92.22
734599	92.49
734600	91.4
734601	92.01
734604	91.19
734605	89.78
734606	90.08
734607	90.57
734608	91.82
734611	90.51
734612	92.06
734613	93.72
734614	93.92
734618	94.03
734619	95.11
734620	94.82
734621	95.68
734622	95.52
734625	94.77
734626	94.36
734627	93.09
734628	92.15
734629	92.5
734632	93.63
734633	94.74
734634	92.98
734635	92.27
734636	90.66
734639	90.87
734640	89.51
734641	91.41
734642	92.01
734643	91.27
734646	90.63
734647	91.05
734648	92.42
734649	92.75
734650	93.96
734654	95.09
734655	92.1
734656	91.87
734657	89.63
734660	89.63
734661	90.6
734662	90.8
734663	92.65
734664	91.17
734667	92.33
734668	93.26
734669	90.9
734670	90.43
734671	90.04
734674	91.18
734675	92.5
734676	92.97
734677	92.98
734678	92.99
734681	93.01
734682	94.84
734683	94.09
734684	95.58
734685	96.45
734689	96.29
734690	96.8
734691	97.79
734692	97.02
734695	95.3
734696	94.74
734697	94.92
734698	93.94
734699	94.29
734702	92.92
734703	94.2
734704	94.13
734705	95.41
734706	91.9
734709	91.8
734710	90.97
734711	89.88
734712	89.06
734713	88.73
734716	88.53
734717	85.23
734718	86.38
734719	82.08
734720	82.25
734723	77.25
734724	78.8
734725	77.82
734726	80.35
734731	81.67
734732	81.55
734733	76.84
734734	75.24
734737	74.8
734738	76.51
734739	77.56
734740	77.49
734741	78.64
734744	81.25
734745	82.1
734746	81.87
734747	81.48
734748	80.04
734752	80.29
734753	82.53
734754	81.08
734755	78.39
734758	77.56
734759	78.7
734760	80.12
734761	81.91
734762	82.36
734765	81.58
734766	82.18
734767	78.13
734768	76.25
734769	76.72
734772	78.85
734773	80.85
734774	78.86
734775	79.29
734776	76.37
734779	73.87
734780	76.51
734781	77.79
734782	79.13
734783	80.03
734786	83
734787	81.73
734788	82.82
734789	82.9
734793	82.64
734794	85.32
734795	83.24
734796	83.08
734797	82.74
734800	83.15
734801	82.45
734802	84.54
734803	87.5
734804	89.41
734807	86.14
734808	83.23
734809	84.95
734810	86.33
734811	85.77
734814	86.47
734815	87.53
734816	83.4
734817	84.47
734818	86.46
734821	85.54
734822	85.61
734823	83.45
734824	81.21
734825	81.08
734828	79.34
734829	78.8
734830	76.94
734832	76.74
734835	79.12
734836	78.93
734837	83.75
734838	82.64
734839	81.96
734842	83.37
734843	82.82
734844	83.54
734845	82.2
734846	83.22
734849	81.19
734850	80.87
734851	80.48
734852	82.18
734853	82.54
734856	81.4
734857	84.81
734858	84.28
734859	84.8
734860	86.05
734864	86.42
734865	84.98
734866	84.99
734867	85.19
734870	85.19
734871	86.35
734872	87.09
734873	86.5
734874	86.32
734877	86.32
734878	87.31
734879	87.94
734880	90.13
734881	89.91
734886	91.56
734887	91.84
734888	90.65
734891	89.92
734892	87.58
734893	87.36
734894	87.74
734895	88.16
734898	88.33
734899	88.03
734900	89.36
734901	88.55
734902	90.4
734905	89.93
734906	90.04
734907	90.74
734908	91.05
734909	90.4
734912	90.52
734913	90.78
734914	90.73
734915	91.89
734916	92.06
734920	91.75
734921	90.85
734922	91.91
734923	91.94
734926	92.01
734927	91.24
734928	90.24
734929	91.87
734930	91.88
734933	90.9
734934	88.55
734935	88.89
734936	90.01
734937	89.44
734940	89.44
734941	90.74
734942	91.14
734944	91.71
734947	92.01
734948	91.17
734949	90.92
734950	89.6
734951	90.2
734954	91.33
734955	91.71
734956	91.13
734957	91.65
734958	91.8
734961	92.68
734962	91.76
734963	90.58
734964	90.81
734968	88.95
734969	86.97
734970	87.34
734971	89.49
734972	88.26
734975	89.15
734976	90.12
734977	88.43
734978	89.26
734979	89.75
734982	88.73
734983	84.72
734984	85.47
734985	86.29
734986	85.56
734989	85.49
734990	86.12
734991	86.18
734992	86.31
734993	85.52
734996	85.76
734997	85.24
734998	83.48
734999	83.04
735000	83.17
735003	82.88
735004	81.92
735005	81.03
735006	79.34
735010	80.06
735011	79.9
735012	79.54
735014	79.94
735018	81.11
735019	79.08
735020	78.73
735021	76.88
735024	77.48
735025	77.66
735026	78.75
735027	80.02
735028	79.62
735031	79.13
735032	79.34
735033	78.26
735034	78.45
735035	79.48
735038	79.6
735039	81.58
735040	80.03
735041	77.86
735042	77.98
735045	76.88
735046	77.19
735047	77.2
735048	78.05
735049	80.73
735052	79.62
735053	80.23
735055	80.06
735056	79.82
735059	79.63
735060	78.63
735061	78.61
735062	77.72
735063	79.84
735066	79.45
735067	80.28
735068	81.54
735069	81.5
735070	80.43
735073	79.58
735074	78.19
735075	78.91
735076	79.8
735080	81.34
735081	80.43
735082	81.24
735083	80.4
735084	82.24
735087	82.72
735088	83.23
735089	83.93
735090	84.04
735091	83.73
735094	83.63
735095	83.5
735096	83.57
735097	84.67
735098	84.42
735101	84.57
735102	84.54
735103	85
735104	83.51
735105	83.33
735108	82.54
735109	82.26
735110	82.03
735111	81.76
735112	82.58
735116	81.49
735117	82.11
735118	83.52
735119	83.61
735122	83.23
735123	83.99
735124	83.54
735125	84.29
735126	85.49
735129	85.62
735130	85.33
735131	85.24
735132	85.05
735133	84.51
735136	83.94
735137	83.35
735138	83.18
735139	82.65
735140	82.7
735143	82.85
735144	82.67
735145	82.73
735146	83.31
735147	83.9
735150	83.88
735151	83
735152	82.02
735153	81.97
735154	82
735157	82.29
735158	84.61
735159	84.95
735160	85.73
735161	79.99
735164	78.96
735165	77.44
735166	77.09
735167	77.73
735168	77.92
735171	77.92
735173	77.53
735174	78.19
735175	78.15
735178	78.75
735179	79.75
735180	79.46
735181	79.15
735182	79.73
735185	79.95
735186	80.54
735187	80.23
735188	79.85
735189	80
735192	80.87
735193	81.61
735194	81.94
735196	83.04
735199	83.34
735200	82.87
735201	82.45
735202	82.35
735203	82.94
735206	81.57
735207	81.7
735208	81.99
735209	82.15
735210	83.06
735213	83.11
735214	83.24
735215	82.56
735216	82.95
735217	82.55
735220	83.36
735221	84.47
735222	83.77
735223	85.05
735224	84.28
735227	85.26
735229	85.75
735230	84.8
735231	82.93
735234	84.02
735236	85.86
735237	85.56
735238	86.71
735241	86.63
735242	86.79
735243	87.96
735244	87.88
735245	88.37
735248	87.99
735249	87.7
735250	87.29
735251	88.42
735252	88.69
735256	89.4
735257	88.44
735258	88.23
735259	88.36
735262	88.01
735263	88.88
735264	88.14
735265	87.99
735266	87.43
735269	87.14
735270	87.49
735271	87.5
735272	87.09
735273	87.36
735276	88.35
735277	88.42
735278	88.83
735279	88.78
735280	88.69
735284	88.7
735285	87.61
735286	85.67
735287	86.09
735290	84.23
735291	84.34
735292	85.56
735293	86.34
735294	86.34
735297	86.34
735298	86.9
735299	86.71
735300	87.85
735301	89.1
735304	88.83
735305	88.91
735306	89
735307	89.9
735308	90.17
735311	88.92
735312	88.21
735313	88.84
735314	87.1
735315	87.52
735318	87.47
735319	87.92
735320	86.23
735321	86.83
735325	85.51
735326	85.01
735327	84.24
735328	85.37
735329	85.13
735332	85.65
735333	86
735334	86.34
735335	87.24
735336	86.93
735339	84.86
735340	86.5
735341	85.77
735342	85.13
735343	85.71
735346	86.29
735347	85.46
735348	85.6
735349	86.01
735350	85.59
735353	86.54
735354	86.77
735355	85.69
735356	89.04
735357	89.8
735360	89.38
735361	89.88
735362	91.15
735363	91.01
735364	91.21
735367	90.84
735368	91.59
735369	92.38
735370	92.77
735371	94.33
735374	94.81
735375	94.86
735376	95.12
735377	94.17
735378	93.93
735382	94.71
735383	94.63
735384	94.89
735385	94.41
735388	94.77
735389	95.39
735390	94.1
735391	94.55
735392	95.09
735395	94.99
735396	94.9
735397	94.79
735398	95.34
735399	96.35
735402	96.57
735403	96.58
735404	96.16
735405	94.28
735406	94.59
735409	93.55
735410	94.61
735411	96.13
735412	92.78
735413	91.57
735416	93.51
735417	90.75
735418	91.39
735420	91.88
735423	92.35
735424	95.96
735425	95.96
735426	97.01
735427	96.65
735430	96.61
735431	95.5
735432	96.37
735433	96.88
735434	96.88
735437	96.99
735438	100.65
735439	100.56
735440	107.11
735441	104.12
735444	104.64
735445	105.61
735446	108.64
735447	107.25
735448	106.95
735451	107.83
735452	106.87
735453	106.76
735454	106.62
735455	106.7
735458	103.2
735459	103.95
735460	102.78
735461	101.44
735462	100.89
735465	101.52
735466	102.23
735467	101.7
735468	102.98
735469	104
735472	103.32
735473	101.86
735474	101.47
735475	102.44
735476	102.14
735480	102.91
735481	103.87
735482	103.84
735483	102.99
735486	105.74
735487	106.2
735488	106.28
735489	105.73
735490	106.15
735493	107.99
735494	106.54
735495	109.37
735496	110.02
735497	108.57
735500	107.42
735501	107.21
735502	107.32
735503	109.78
735504	107
735507	106.57
735508	107.11
735509	107.16
735510	105.43
735511	106.31
735514	104.62
735515	102.58
735516	103.99
735517	107.8
735518	108.72
735521	109.17
735522	108.1
735523	109.09
735524	109.87
735525	110.19
735528	110.66
735529	111.73
735530	110.65
735531	111.38
735532	111.73
735535	109.54
735536	107.47
735537	107.2
735538	109.01
735539	108
735542	108.77
735543	109.12
735544	109.92
735545	108.26
735546	109.45
735549	109.09
735550	107.97
735551	108.04
735552	108.67
735553	110.59
735556	109.94
735557	110.09
735558	109.6
735559	109.71
735560	111.17
735563	109.72
735564	108.85
735565	109.12
735567	108.83
735570	107.69
735571	107.16
735572	107.45
735573	106.51
735574	109.51
735577	109.18
735578	109.1
735579	106.83
735580	107.48
735581	107.72
735584	107.3
735585	107.4
735586	107.28
735587	110.92
735588	111.3
735591	112.52
735592	112.79
735594	113.66
735595	113.43
735598	112.59
735599	111.78
735601	111.44
735602	111.22
735605	111.49
735606	110.11
735607	110.09
735608	109.66
735609	109.63
735612	108.58
735613	110.17
735614	111.25
735615	111.69
735616	112.01
735620	112.05
735621	112.3
735622	111.01
735623	106.71
735626	106.24
735627	107.79
735628	106
735629	105.92
735630	105.14
735633	103.75
735634	103.98
735635	104.26
735636	107.24
735637	109.23
735640	109.81
735641	111.94
735642	111.87
735643	116.93
735644	117.38
735648	118.04
735649	117.08
735650	117.71
